1 1 -1589,0 -1589,0 4096
1 2 -1474,5 -2949,0 4096
1 3 -1323,0 -3969,0 4096
1 4 -1252,3 -5009,0 4096
1 5 -1225,8 -6129,0 4096
1 6 -1204,8 -7229,0 4096
1 7 -1178,4 -8249,0 4096
1 8 -1125,4 -9003,0 4096
1 9 -1122,6 -10103,0 4096
1 10 -1122,3 -11223,0 4096
1 11 -1134,8 -12483,0 4096
1 12 -1128,6 -13543,0 4096
1 13 -1118,7 -14543,0 4096
1 14 -1180,2 -16523,0 4096
1 15 -1189,5 -17843,0 4096
1 16 -1183,9 -18943,0 4096
1 17 -1188,4 -20203,0 4096
1 18 -1165,3 -20976,0 4096
1 19 -1157,7 -21996,0 4096
1 20 -1154,8 -23096,0 4096
1 21 -1152,2 -24196,0 4096
1 22 -1130,1 -24863,0 4096
1 23 -1097,0 -25230,0 4096
1 24 -1100,4 -26410,0 4096
1 25 -1153,3 -28832,0 4096
1 26 -1148,2 -29853,0 4096
1 27 -1145,7 -30933,0 4096
1 28 -1146,9 -32113,0 4096
1 29 -1145,3 -33213,0 4096
1 30 -1144,4 -34333,0 4096
1 31 -1157,2 -35873,0 4096
1 32 -1138,7 -36438,0 4096
1 33 -1151,5 -37998,0 4096
1 34 -1149,9 -39098,0 4096
1 35 -1148,5 -40198,0 4096
1 36 -1151,1 -41438,0 4096
1 37 -1148,1 -42478,0 4096
1 38 -1126,1 -42792,0 4096
1 39 -1131,1 -44112,0 4096
1 40 -1128,8 -45152,0 4096
1 41 -1117,6 -45822,0 4096
1 42 -1119,6 -47022,0 4096
1 43 -1100,3 -47311,0 4096
1 44 -1109,3 -48811,0 4096
1 45 -1118,0 -50311,0 4096
1 46 -1122,8 -51651,0 4096
1 47 -1132,1 -53211,0 4096
1 48 -1130,6 -54271,0 4096
1 49 -1145,5 -56131,0 4096
1 50 -1134,4 -56720,0 4096
1 51 -1125,4 -57860,0 4096
1 52 -1116,2 -58761,0 4096
1 53 -1120,2 -59981,0 4096
1 54 -1127,8 -61401,0 4096
1 55 -1127,4 -62501,0 4096
1 56 -1127,8 -63621,0 4096
1 57 -1129,8 -64741,0 4096
1 58 -1138,8 -65941,0 4096
1 59 -1144,8 -67341,0 4096
1 60 -1152,4 -68841,0 4096
1 61 -1148,8 -69921,0 4096
1 62 -1141,2 -70603,0 4096
1 63 -1132,0 -71142,0 4096
1 64 -1113,2 -72182,0 4096
1 65 -1112,0 -73442,0 4096
1 66 -1112,4 -74562,0 4096
1 67 -1116,4 -76022,0 4096
1 68 -1122,5 -77102,0 4096
1 69 -1125,7 -78282,0 4096
1 70 -1125,3 -79362,0 4096
1 71 -1119,2 -80155,0 4096
1 72 -1128,6 -81292,0 4096
1 73 -1146,0 -82532,0 4096
1 74 -1146,0 -83712,0 4096
1 75 -1112,5 -84459,0 4096
1 76 -1127,3 -86219,0 4096
1 77 -1126,5 -87259,0 4096
1 78 -1124,5 -88339,0 4096
1 79 -1127,3 -89579,0 4096
1 80 -1127,3 -90699,0 4096
1 81 -1121,3 -91940,0 4096
1 82 -1142,8 -93580,0 4096
1 83 -1142,0 -95100,0 4096
1 84 -1142,0 -96200,0 4096
1 85 -1148,4 -97620,0 4096
1 86 -1152,4 -99060,0 4096
1 87 -1154,0 -100180,0 4096
1 88 -1170,9 -101339,0 4096
1 89 -1166,1 -102419,0 4096
1 90 -1180,1 -104159,0 4096
1 91 -1187,9 -105219,0 4096
1 92 -1189,1 -106479,0 4096
1 93 -1189,4 -106783,0 4096
1 94 -1182,2 -107923,0 4096
1 95 -1163,2 -108471,0 4096
1 96 -1159,4 -109620,0 4096
1 97 -1150,2 -110720,0 4096
1 98 -1154,6 -112000,0 4096
1 99 -1142,2 -113240,0 4096
1 100 -1153,2 -114380,0 4096
1 101 -1156,0 -115660,0 4096
1 102 -1162,8 -116900,0 4096
1 103 -1156,2 -117791,0 4096
1 104 -1151,4 -118971,0 4096
1 105 -1151,0 -120051,0 4096
1 106 -1149,8 -121111,0 4096
1 107 -1149,8 -122231,0 4096
1 108 -1149,4 -123411,0 4096
1 109 -1146,2 -124651,0 4096
1 110 -1137,8 -125731,0 4096
1 111 -1147,4 -127291,0 4096
1 112 -1148,0 -128002,0 4096
1 113 -1147,5 -128515,0 4096
1 114 -1160,3 -130195,0 4096
1 115 -1145,8 -130733,0 4096
1 116 -1154,2 -132273,0 4096
1 117 -1147,4 -133393,0 4096
1 118 -1148,6 -134533,0 4096
1 119 -1145,8 -135573,0 4096
1 120 -1147,0 -136713,0 4096
1 121 -1156,8 -137993,0 4096
1 122 -1154,1 -138999,0 4096
1 123 -1158,9 -140479,0 4096
1 124 -1158,5 -141639,0 4096
1 125 -1174,4 -143179,0 4096
1 126 -1163,6 -144399,0 4096
1 127 -1167,6 -145639,0 4096
1 128 -1166,0 -146639,0 4096
1 129 -1162,8 -147719,0 4096
1 130 -1145,6 -147979,0 4096
1 131 -1141,2 -148999,0 4096
1 132 -1134,4 -150299,0 4096
1 133 -1125,6 -151379,0 4096
1 134 -1133,2 -152859,0 4096
1 135 -1114,7 -153353,0 4096
1 136 -1112,7 -154693,0 4096
1 137 -1111,0 -155732,0 4096
1 138 -1095,1 -156095,0 4096
1 139 -1086,2 -156729,0 4096
1 140 -1079,8 -158149,0 4096
1 141 -1082,2 -159329,0 4096
1 142 -1077,8 -160369,0 4096
1 143 -1086,6 -161112,0 4096
1 144 -1087,8 -162312,0 4096
1 145 -1098,2 -163381,0 4096
1 146 -1104,0 -164821,0 4096
1 147 -1095,4 -165489,0 4096
1 148 -1088,0 -166399,0 4096
1 149 -1084,4 -167459,0 4096
1 150 -1090,4 -168899,0 4096
1 151 -1098,0 -170559,0 4096
1 152 -1100,4 -171919,0 4096
1 153 -1107,4 -173159,0 4096
1 154 -1104,6 -174199,0 4096
1 155 -1105,4 -175319,0 4096
1 156 -1114,6 -176839,0 4096
1 157 -1117,0 -178079,0 4096
1 158 -1113,4 -179079,0 4096
1 159 -1107,1 -180006,0 4096
1 160 -1112,7 -181366,0 4096
1 161 -1095,4 -182061,0 4096
1 162 -1101,4 -183072,0 4096
1 163 -1113,9 -184212,0 4096
1 164 -1105,1 -185452,0 4096
1 165 -1119,2 -186692,0 4096
1 166 -1112,2 -187884,0 4096
1 167 -1115,8 -189184,0 4096
1 168 -1104,1 -189736,0 4096
1 169 -1090,7 -190108,0 4096
1 170 -1083,4 -190884,0 4096
1 171 -1069,6 -191472,0 4096
1 172 -1071,3 -192563,0 4096
1 173 -1062,9 -193623,0 4096
1 174 -1063,3 -194803,0 4096
1 175 -1052,5 -195803,0 4096
1 176 -1053,3 -197063,0 4096
1 177 -1064,1 -198843,0 4096
1 178 -1080,9 -200683,0 4096
1 179 -1081,3 -201783,0 4096
1 180 -1104,5 -203203,0 4096
1 181 -1106,1 -204303,0 4096
1 182 -1104,5 -205523,0 4096
1 183 -1096,8 -206218,0 4096
1 184 -1088,0 -207258,0 4096
1 185 -1099,7 -208338,0 4096
1 186 -1102,8 -209833,0 4096
1 187 -1106,8 -211073,0 4096
1 188 -1125,2 -212353,0 4096
1 189 -1132,5 -213353,0 4096
1 190 -1133,7 -214833,0 4096
1 191 -1131,3 -215893,0 4096
1 192 -1136,1 -217173,0 4096
1 193 -1139,3 -218078,0 4096
1 194 -1133,3 -218977,0 4096
1 195 -1133,1 -220037,0 4096
1 196 -1124,3 -221037,0 4096
1 197 -1131,8 -222077,0 4096
1 198 -1133,7 -223084,0 4096
1 199 -1133,7 -224144,0 4096
1 200 -1124,9 -225144,0 4096
1 201 -1113,3 -226224,0 4096
1 202 -1106,5 -227244,0 4096
1 203 -1109,7 -228644,0 4096
1 204 -1099,4 -229167,0 4096
1 205 -1102,6 -230447,0 4096
1 206 -1101,4 -231907,0 4096
1 207 -1105,3 -233345,0 4096
1 208 -1111,7 -234665,0 4096
1 209 -1121,2 -236065,0 4096
1 210 -1120,4 -237385,0 4096
1 211 -1128,1 -238465,0 4096
1 212 -1131,4 -239641,0 4096
1 213 -1134,2 -240921,0 4096
1 214 -1138,6 -242384,0 4096
1 215 -1134,6 -243424,0 4096
1 216 -1139,2 -244844,0 4096
1 217 -1136,4 -246004,0 4096
1 218 -1146,4 -247058,0 4096
1 219 -1163,4 -248278,0 4096
1 220 -1170,3 -249398,0 4096
1 221 -1177,8 -250364,0 4096
1 222 -1184,0 -251764,0 4096
1 223 -1187,2 -252984,0 4096
1 224 -1189,2 -254264,0 4096
1 225 -1190,0 -255304,0 4096
1 226 -1184,6 -256291,0 4096
1 227 -1171,8 -257431,0 4096
1 228 -1158,2 -258591,0 4096
1 229 -1149,3 -259249,0 4096
1 230 -1157,7 -261089,0 4096
1 231 -1167,7 -262689,0 4096
1 232 -1168,5 -263949,0 4096
1 233 -1177,8 -265109,0 4096
1 234 -1168,3 -265672,0 4096
1 235 -1171,9 -266932,0 4096
1 236 -1174,8 -268572,0 4096
1 237 -1170,0 -269572,0 4096
1 238 -1170,0 -270852,0 4096
1 239 -1170,8 -271892,0 4096
1 240 -1161,6 -272912,0 4096
1 241 -1161,6 -273972,0 4096
1 242 -1161,2 -275232,0 4096
1 243 -1147,4 -275447,0 4096
1 244 -1153,0 -276627,0 4096
1 245 -1151,8 -277627,0 4096
1 246 -1151,8 -278627,0 4096
1 247 -1157,8 -279967,0 4096
1 248 -1160,1 -281087,0 4096
1 249 -1162,1 -282247,0 4096
1 250 -1165,7 -283427,0 4096
1 251 -1167,7 -284607,0 4096
1 252 -1171,3 -285807,0 4096
1 253 -1170,9 -287187,0 4096
1 254 -1181,3 -288231,0 4096
1 255 -1172,5 -289070,0 4096
1 256 -1171,7 -290490,0 4096
1 257 -1165,7 -291630,0 4096
1 258 -1165,7 -292950,0 4096
1 259 -1161,3 -294130,0 4096
1 260 -1155,3 -295150,0 4096
1 261 -1161,3 -296530,0 4096
1 262 -1149,5 -297114,0 4096
1 263 -1148,7 -298354,0 4096
1 264 -1143,8 -299574,0 4096
1 265 -1143,0 -300574,0 4096
1 266 -1146,2 -302154,0 4096
1 267 -1126,7 -302338,0 4096
1 268 -1128,0 -303458,0 4096
1 269 -1126,4 -304598,0 4096
1 270 -1133,6 -306078,0 4096
1 271 -1139,9 -307358,0 4096
1 272 -1121,0 -307812,0 4096
1 273 -1118,6 -308912,0 4096
1 274 -1120,2 -310272,0 4096
1 275 -1124,2 -311514,0 4096
1 276 -1131,7 -312874,0 4096
1 277 -1140,5 -314454,0 4096
1 278 -1126,5 -314914,0 4096
1 279 -1134,9 -315994,0 4096
1 280 -1120,1 -317094,0 4096
1 281 -1108,5 -318114,0 4096
1 282 -1104,1 -319154,0 4096
1 283 -1104,5 -320334,0 4096
1 284 -1117,2 -321534,0 4096
1 285 -1097,1 -321789,0 4096
1 286 -1084,1 -322777,0 4096
1 287 -1088,5 -323997,0 4096
1 288 -1087,3 -325217,0 4096
1 289 -1084,4 -326111,0 4096
1 290 -1084,8 -327151,0 4096
1 291 -1099,2 -328931,0 4096
1 292 -1098,8 -330171,0 4096
1 293 -1115,3 -331211,0 4096
1 294 -1116,9 -332471,0 4096
1 295 -1121,3 -333691,0 4096
1 296 -1120,0 -334626,0 4096
1 297 -1118,0 -335866,0 4096
1 298 -1116,8 -336926,0 4096
1 299 -1123,2 -338406,0 4096
1 300 -1111,8 -339019,0 4096
1 301 -1114,2 -340319,0 4096
1 302 -1111,8 -341399,0 4096
1 303 -1105,8 -342479,0 4096
1 304 -1105,4 -343499,0 4096
1 305 -1110,2 -344579,0 4096
1 306 -1098,9 -345437,0 4096
1 307 -1098,9 -346577,0 4096
1 308 -1091,3 -347513,0 4096
1 309 -1070,6 -347658,0 4096
1 310 -1071,8 -348738,0 4096
1 311 -1056,0 -349331,0 4096
1 312 -1069,5 -350591,0 4096
1 313 -1067,1 -351711,0 4096
1 314 -1063,5 -352751,0 4096
1 315 -1063,9 -353771,0 4096
1 316 -1054,3 -354871,0 4096
1 317 -1066,7 -355673,0 4096
1 318 -1065,5 -356733,0 4096
1 319 -1065,1 -357853,0 4096
1 320 -1043,2 -358238,0 4096
1 321 -1040,4 -359378,0 4096
1 322 -1053,7 -360498,0 4096
1 323 -1053,3 -361578,0 4096
1 324 -1052,5 -362898,0 4096
1 325 -1048,3 -363929,0 4096
1 326 -1043,5 -365049,0 4096
1 327 -1035,1 -366209,0 4096
1 328 -1043,8 -367104,0 4096
1 329 -1035,4 -367765,0 4096
1 330 -1036,2 -368905,0 4096
1 331 -1026,1 -369417,0 4096
1 332 -1024,9 -370400,0 4096
1 333 -1025,7 -371620,0 4096
1 334 -1024,5 -372760,0 4096
1 335 -1039,4 -373760,0 4096
1 336 -1030,1 -374283,0 4096
1 337 -1027,3 -375363,0 4096
1 338 -1030,9 -376763,0 4096
1 339 -1036,2 -377923,0 4096
1 340 -1040,2 -379163,0 4096
1 341 -1022,7 -380065,0 4096
1 342 -1027,1 -381525,0 4096
1 343 -1020,8 -382250,0 4096
1 344 -1022,4 -383590,0 4096
1 345 -1021,6 -384770,0 4096
1 346 -1024,1 -385830,0 4096
1 347 -1023,7 -387050,0 4096
1 348 -1017,6 -387808,0 4096
1 349 -1008,8 -388848,0 4096
1 350 -1022,2 -390128,0 4096
1 351 -1023,4 -391488,0 4096
1 352 -1026,2 -392708,0 4096
1 353 -1012,2 -393087,0 4096
1 354 -1015,4 -394267,0 4096
1 355 -1016,2 -395387,0 4096
1 356 -1020,2 -396447,0 4096
1 357 -1017,4 -397447,0 4096
1 358 -1021,5 -398587,0 4096
1 359 -1045,0 -399907,0 4096
1 360 -1049,4 -401207,0 4096
1 361 -1061,9 -402427,0 4096
1 362 -1057,5 -403467,0 4096
1 363 -1057,9 -404607,0 4096
1 364 -1062,7 -405887,0 4096
1 365 -1067,9 -407167,0 4096
1 366 -1065,9 -408167,0 4096
1 367 -1071,9 -409267,0 4096
1 368 -1075,1 -410487,0 4096
1 369 -1070,5 -411379,0 4096
1 370 -1081,0 -412288,0 4096
1 371 -1081,0 -413428,0 4096
1 372 -1080,6 -414528,0 4096
1 373 -1083,0 -415728,0 4096
1 374 -1078,2 -416808,0 4096
1 375 -1081,2 -417988,0 4096
1 376 -1079,3 -419012,0 4096
1 377 -1080,9 -420252,0 4096
1 378 -1084,2 -421312,0 4096
1 379 -1092,5 -422392,0 4096
1 380 -1092,9 -423552,0 4096
1 381 -1107,1 -424772,0 4096
1 382 -1105,3 -425663,0 4096
1 383 -1101,7 -426703,0 4096
1 384 -1108,1 -428163,0 4096
1 385 -1109,7 -429243,0 4096
1 386 -1116,3 -430096,0 4096
1 387 -1111,6 -430942,0 4096
1 388 -1105,6 -432042,0 4096
1 389 -1108,4 -433342,0 4096
1 390 -1104,4 -434382,0 4096
1 391 -1089,1 -434519,0 4096
1 392 -1085,9 -435819,0 4096
1 393 -1094,6 -436979,0 4096
1 394 -1090,2 -438099,0 4096
1 395 -1095,0 -439519,0 4096
1 396 -1094,6 -440559,0 4096
1 397 -1101,4 -442119,0 4096
1 398 -1109,8 -443299,0 4096
1 399 -1119,4 -444819,0 4096
1 400 -1113,1 -445785,0 4096
1 401 -1101,7 -446571,0 4096
1 402 -1100,9 -447751,0 4096
1 403 -1113,3 -448751,0 4096
1 404 -1110,1 -449771,0 4096
1 405 -1107,6 -450769,0 4096
1 406 -1111,2 -452009,0 4096
1 407 -1112,0 -453049,0 4096
1 408 -1110,0 -454089,0 4096
1 409 -1104,8 -455149,0 4096
1 410 -1100,8 -456249,0 4096
1 411 -1097,6 -457309,0 4096
1 412 -1097,2 -458329,0 4096
1 413 -1098,8 -459549,0 4096
1 414 -1093,1 -460540,0 4096
1 415 -1088,7 -461600,0 4096
1 416 -1092,7 -462800,0 4096
1 417 -1092,3 -463880,0 4096
1 418 -1092,7 -465120,0 4096
1 419 -1094,8 -466120,0 4096
1 420 -1097,0 -467140,0 4096
1 421 -1095,0 -468180,0 4096
1 422 -1093,4 -469200,0 4096
1 423 -1089,4 -470200,0 4096
1 424 -1091,0 -471360,0 4096
1 425 -1083,7 -472175,0 4096
1 426 -1084,9 -473255,0 4096
1 427 -1088,1 -474655,0 4096
1 428 -1086,9 -475655,0 4096
1 429 -1098,5 -477315,0 4096
1 430 -1095,3 -478315,0 4096
1 431 -1093,3 -479435,0 4096
1 432 -1096,8 -480501,0 4096
1 433 -1090,5 -481229,0 4096
1 434 -1084,1 -482369,0 4096
1 435 -1088,1 -483649,0 4096
1 436 -1088,7 -484532,0 4096
1 437 -1077,7 -484825,0 4096
1 438 -1076,1 -485845,0 4096
1 439 -1064,1 -486546,0 4096
1 440 -1068,1 -487786,0 4096
1 441 -1086,1 -488826,0 4096
1 442 -1081,7 -489906,0 4096
1 443 -1080,5 -491006,0 4096
1 444 -1081,7 -492186,0 4096
1 445 -1079,7 -493506,0 4096
1 446 -1066,6 -493891,0 4096
1 447 -1056,6 -494951,0 4096
1 448 -1053,4 -495971,0 4096
1 449 -1038,3 -496734,0 4096
1 450 -1041,8 -497875,0 4096
1 451 -1050,1 -499075,0 4096
1 452 -1048,1 -500155,0 4096
1 453 -1051,3 -501315,0 4096
1 454 -1050,9 -502315,0 4096
1 455 -1051,1 -503325,0 4096
1 456 -1048,3 -504425,0 4096
1 457 -1053,5 -505725,0 4096
1 458 -1055,1 -506845,0 4096
1 459 -1055,9 -507945,0 4096
1 460 -1063,5 -509425,0 4096
1 461 -1055,9 -510106,0 4096
1 462 -1059,9 -511326,0 4096
1 463 -1057,5 -512426,0 4096
1 464 -1060,9 -513586,0 4096
1 465 -1061,7 -514686,0 4096
1 466 -1054,3 -515517,0 4096
1 467 -1056,3 -516697,0 4096
1 468 -1053,1 -517777,0 4096
1 469 -1053,1 -518777,0 4096
1 470 -1055,9 -519937,0 4096
1 471 -1057,9 -521077,0 4096
1 472 -1056,7 -522037,0 4096
1 473 -1057,1 -523057,0 4096
1 474 -1059,5 -524337,0 4096
1 475 -1072,0 -525777,0 4096
1 476 -1067,0 -526603,0 4096
1 477 -1055,3 -527419,0 4096
1 478 -1051,6 -528236,0 4096
1 479 -1041,2 -529376,0 4096
1 480 -1042,0 -530416,0 4096
1 481 -1037,9 -531332,0 4096
1 482 -1039,8 -532492,0 4096
1 483 -1047,7 -533612,0 4096
1 484 -1044,9 -534612,0 4096
1 485 -1041,7 -535732,0 4096
1 486 -1049,6 -537012,0 4096
1 487 -1067,7 -538212,0 4096
1 488 -1068,1 -539252,0 4096
1 489 -1068,4 -539965,0 4096
1 490 -1067,2 -541145,0 4096
1 491 -1066,8 -542165,0 4096
1 492 -1065,6 -543185,0 4096
1 493 -1065,2 -544265,0 4096
1 494 -1056,0 -544985,0 4096
1 495 -1047,3 -545870,0 4096
1 496 -1059,6 -546870,0 4096
1 497 -1051,1 -547504,0 4096
1 498 -1051,5 -548544,0 4096
1 499 -1061,0 -549784,0 4096
1 500 -1058,2 -550784,0 4096
1 501 -1055,4 -551844,0 4096
1 502 -1052,6 -552785,0 4096
1 503 -1053,4 -553985,0 4096
1 504 -1045,7 -554600,0 4096
1 505 -1044,8 -555567,0 4096
1 506 -1046,0 -556727,0 4096
1 507 -1040,8 -557767,0 4096
1 508 -1042,0 -558947,0 4096
1 509 -1042,0 -560047,0 4096
1 510 -1034,0 -561127,0 4096
1 511 -1041,2 -562167,0 4096
1 512 -1046,4 -563647,0 4096
1 513 -1045,6 -564707,0 4096
1 514 -1044,8 -565827,0 4096
1 515 -1042,8 -566827,0 4096
1 516 -1047,0 -567867,0 4096
1 517 -1037,1 -568554,0 4096
1 518 -1025,7 -569060,0 4096
1 519 -1025,7 -570060,0 4096
1 520 -1024,1 -571140,0 4096
1 521 -1021,7 -572160,0 4096
1 522 -1022,9 -573180,0 4096
1 523 -1023,3 -574220,0 4096
1 524 -1020,5 -575360,0 4096
1 525 -1013,7 -576460,0 4096
1 526 -1021,1 -577660,0 4096
1 527 -1026,4 -578740,0 4096
1 528 -1032,5 -579860,0 4096
1 529 -1016,8 -580215,0 4096
1 530 -1002,3 -580533,0 4096
1 531 -1010,8 -581873,0 4096
1 532 -997,1 -582349,0 4096
1 533 -997,5 -583489,0 4096
1 534 -996,0 -584413,0 4096
1 535 -986,2 -585041,0 4096
1 536 -982,6 -586141,0 4096
1 537 -974,0 -586911,0 4096
1 538 -978,4 -588171,0 4096
1 539 -983,7 -589150,0 4096
1 540 -981,7 -590230,0 4096
1 541 -981,7 -591250,0 4096
1 542 -971,3 -591750,0 4096
1 543 -973,0 -592916,0 4096
1 544 -978,6 -593916,0 4096
1 545 -982,1 -594976,0 4096
1 546 -985,3 -596136,0 4096
1 547 -994,6 -597236,0 4096
1 548 -997,8 -598436,0 4096
1 549 -996,6 -599616,0 4096
1 550 -1000,2 -600796,0 4096
1 551 -1002,0 -601945,0 4096
1 552 -1008,0 -603185,0 4096
1 553 -1006,0 -604285,0 4096
1 554 -1014,5 -605325,0 4096
1 555 -1018,4 -606486,0 4096
1 556 -1016,0 -607526,0 4096
1 557 -1017,2 -608626,0 4096
1 558 -1013,5 -609624,0 4096
1 559 -1006,3 -610360,0 4096
1 560 -1006,3 -611440,0 4096
1 561 -1008,7 -612600,0 4096
1 562 -1002,3 -613760,0 4096
1 563 -1002,3 -614820,0 4096
1 564 -1001,5 -615900,0 4096
1 565 -994,2 -616536,0 4096
1 566 -992,6 -617498,0 4096
1 567 -989,3 -618018,0 4096
1 568 -993,0 -618708,0 4096
1 569 -993,4 -619728,0 4096
1 570 -990,5 -620665,0 4096
1 571 -994,5 -621885,0 4096
1 572 -995,3 -622945,0 4096
1 573 -996,5 -624045,0 4096
1 574 -993,7 -625045,0 4096
1 575 -997,3 -626325,0 4096
1 576 -995,3 -627425,0 4096
1 577 -994,4 -628458,0 4096
1 578 -992,0 -629458,0 4096
1 579 -1007,7 -630598,0 4096
1 580 -1021,7 -631618,0 4096
1 581 -1016,1 -632678,0 4096
1 582 -1027,0 -633698,0 4096
1 583 -1016,2 -634300,0 4096
1 584 -1017,7 -635300,0 4096
1 585 -1027,6 -636420,0 4096
1 586 -1026,4 -637460,0 4096
1 587 -1033,4 -638580,0 4096
1 588 -1028,6 -639600,0 4096
1 589 -1027,0 -640501,0 4096
1 590 -1027,4 -641601,0 4096
1 591 -1019,1 -642207,0 4096
1 592 -1030,3 -643267,0 4096
1 593 -1027,4 -644287,0 4096
1 594 -1027,4 -645287,0 4096
1 595 -1029,4 -646447,0 4096
1 596 -1027,4 -647507,0 4096
1 597 -1026,6 -648567,0 4096
1 598 -1026,6 -649767,0 4096
1 599 -1020,6 -650645,0 4096
1 600 -1022,6 -651925,0 4096
1 601 -1020,0 -652945,0 4096
1 602 -1015,6 -653965,0 4096
1 603 -1005,6 -654566,0 4096
1 604 -1005,6 -655606,0 4096
1 605 -1001,8 -656574,0 4096
1 606 -1001,8 -657614,0 4096
1 607 -999,8 -658614,0 4096
1 608 -1000,2 -659634,0 4096
1 609 -998,2 -660269,0 4096
1 610 -995,2 -661201,0 4096
1 611 -993,2 -662261,0 4096
1 612 -990,0 -663261,0 4096
1 613 -991,2 -664381,0 4096
1 614 -989,6 -665381,0 4096
1 615 -998,1 -666441,0 4096
1 616 -998,9 -667441,0 4096
1 617 -999,9 -668013,0 4096
1 618 -1008,1 -669113,0 4096
1 619 -1000,4 -669750,0 4096
1 620 -999,5 -670642,0 4096
1 621 -1000,3 -671902,0 4096
1 622 -999,9 -672942,0 4096
1 623 -997,9 -673942,0 4096
1 624 -999,5 -675022,0 4096
1 625 -996,3 -676142,0 4096
1 626 -992,3 -677039,0 4096
1 627 -993,6 -678139,0 4096
1 628 -985,5 -678733,0 4096
1 629 -982,5 -679721,0 4096
1 630 -984,1 -680821,0 4096
1 631 -984,1 -681881,0 4096
1 632 -974,4 -682417,0 4096
1 633 -973,2 -682959,0 4096
1 634 -974,0 -683999,0 4096
1 635 -971,6 -684999,0 4096
1 636 -971,6 -686039,0 4096
1 637 -968,1 -686987,0 4096
1 638 -966,5 -687924,0 4096
1 639 -969,3 -688964,0 4096
1 640 -971,7 -690184,0 4096
1 641 -980,1 -691210,0 4096
1 642 -980,5 -692290,0 4096
1 643 -981,3 -693350,0 4096
1 644 -980,9 -694333,0 4096
1 645 -978,5 -695373,0 4096
1 646 -979,3 -696473,0 4096
1 647 -978,9 -697513,0 4096
1 648 -969,6 -698248,0 4096
1 649 -972,5 -699268,0 4096
1 650 -967,7 -700308,0 4096
1 651 -968,9 -701388,0 4096
1 652 -956,2 -701776,0 4096
1 653 -964,2 -702776,0 4096
1 654 -964,6 -703836,0 4096
1 655 -955,4 -704344,0 4096
1 656 -955,4 -705384,0 4096
1 657 -955,4 -706384,0 4096
1 658 -955,8 -707424,0 4096
1 659 -964,7 -708504,0 4096
1 660 -966,5 -709524,0 4096
1 661 -965,7 -710544,0 4096
1 662 -967,7 -711644,0 4096
1 663 -965,3 -712644,0 4096
1 664 -967,3 -713744,0 4096
1 665 -966,1 -714744,0 4096
1 666 -967,3 -715804,0 4096
1 667 -977,0 -716864,0 4096
1 668 -975,4 -717884,0 4096
1 669 -982,7 -718884,0 4096
1 670 -985,2 -719904,0 4096
1 671 -974,5 -720625,0 4096
1 672 -975,3 -721705,0 4096
1 673 -977,7 -722825,0 4096
1 674 -976,1 -723825,0 4096
1 675 -978,1 -725045,0 4096
1 676 -980,9 -726085,0 4096
1 677 -982,4 -727260,0 4096
1 678 -994,1 -728440,0 4096
1 679 -991,1 -729276,0 4096
1 680 -979,1 -729776,0 4096
1 681 -976,5 -730704,0 4096
1 682 -989,7 -731904,0 4096
1 683 -1003,3 -733124,0 4096
1 684 -1002,5 -734124,0 4096
1 685 -1004,1 -735204,0 4096
1 686 -1004,1 -736244,0 4096
1 687 -1000,9 -737031,0 4096
1 688 -1004,1 -738131,0 4096
1 689 -992,5 -738589,0 4096
1 690 -989,7 -739669,0 4096
1 691 -989,2 -740669,0 4096
1 692 -988,8 -741729,0 4096
1 693 -990,0 -742849,0 4096
1 694 -978,8 -743273,0 4096
1 695 -978,4 -744293,0 4096
1 696 -973,5 -745147,0 4096
1 697 -972,7 -746147,0 4096
1 698 -978,8 -747187,0 4096
1 699 -978,4 -748187,0 4096
1 700 -978,4 -749227,0 4096
1 701 -977,6 -750267,0 4096
1 702 -989,8 -751267,0 4096
1 703 -992,2 -752387,0 4096
1 704 -991,0 -753387,0 4096
1 705 -1001,3 -754407,0 4096
1 706 -1002,1 -755487,0 4096
1 707 -1002,5 -756507,0 4096
1 708 -1002,9 -757567,0 4096
1 709 -989,1 -757959,0 4096
1 710 -979,3 -758491,0 4096
1 711 -980,5 -759571,0 4096
1 712 -980,5 -760671,0 4096
1 713 -982,5 -761771,0 4096
1 714 -976,5 -762570,0 4096
1 715 -978,5 -763670,0 4096
1 716 -977,3 -764670,0 4096
1 717 -977,3 -765730,0 4096
1 718 -978,1 -766790,0 4096
1 719 -978,9 -767830,0 4096
1 720 -979,3 -768870,0 4096
1 721 -985,3 -769890,0 4096
1 722 -985,3 -770970,0 4096
1 723 -979,0 -771776,0 4096
1 724 -979,4 -772796,0 4096
1 725 -977,8 -773936,0 4096
1 726 -976,4 -774904,0 4096
1 727 -974,9 -776004,0 4096
1 728 -974,1 -777144,0 4096
1 729 -967,0 -777625,0 4096
1 730 -978,6 -778705,0 4096
1 731 -982,4 -779825,0 4096
1 732 -979,6 -780885,0 4096
1 733 -976,0 -781925,0 4096
1 734 -976,8 -782965,0 4096
1 735 -974,2 -783915,0 4096
1 736 -973,8 -784935,0 4096
1 737 -976,4 -785850,0 4096
1 738 -974,8 -786870,0 4096
1 739 -971,7 -787172,0 4096
1 740 -963,5 -787845,0 4096
1 741 -963,9 -788865,0 4096
1 742 -956,8 -789567,0 4096
1 743 -955,2 -790607,0 4096
1 744 -967,5 -791647,0 4096
1 745 -963,8 -792481,0 4096
1 746 -968,3 -793561,0 4096
1 747 -969,1 -794601,0 4096
1 748 -968,7 -795621,0 4096
1 749 -969,9 -796681,0 4096
1 750 -969,1 -797681,0 4096
1 751 -963,6 -798445,0 4096
1 752 -964,4 -799485,0 4096
1 753 -963,6 -800565,0 4096
1 754 -963,6 -801565,0 4096
1 755 -965,2 -802665,0 4096
1 756 -963,6 -803665,0 4096
1 757 -964,8 -804745,0 4096
1 758 -964,4 -805785,0 4096
1 759 -976,5 -806785,0 4096
1 760 -986,3 -807805,0 4096
1 761 -979,6 -808549,0 4096
1 762 -978,0 -809569,0 4096
1 763 -976,4 -810589,0 4096
1 764 -981,6 -811649,0 4096
1 765 -972,2 -812279,0 4096
1 766 -972,2 -813279,0 4096
1 767 -972,6 -814359,0 4096
1 768 -971,8 -815379,0 4096
1 769 -971,4 -816399,0 4096
1 770 -970,6 -817399,0 4096
1 771 -960,9 -817933,0 4096
1 772 -959,3 -818933,0 4096
1 773 -963,9 -819973,0 4096
1 774 -959,5 -820771,0 4096
1 775 -953,4 -821604,0 4096
1 776 -955,2 -822664,0 4096
1 777 -954,0 -823704,0 4096
1 778 -951,2 -824704,0 4096
1 779 -962,8 -825764,0 4096
1 780 -961,2 -826764,0 4096
1 781 -960,4 -827844,0 4096
1 782 -959,2 -828844,0 4096
1 783 -951,0 -829476,0 4096
1 784 -950,2 -830476,0 4096
1 785 -952,0 -831516,0 4096
1 786 -952,8 -832576,0 4096
1 787 -954,9 -833596,0 4096
1 788 -954,5 -834596,0 4096
1 789 -969,3 -835636,0 4096
1 790 -976,2 -836656,0 4096
1 791 -978,2 -837774,0 4096
1 792 -984,5 -838794,0 4096
1 793 -984,1 -839814,0 4096
1 794 -979,5 -840621,0 4096
1 795 -984,8 -841721,0 4096
1 796 -983,2 -842721,0 4096
1 797 -982,8 -843741,0 4096
1 798 -984,0 -844821,0 4096
1 799 -982,8 -845821,0 4096
1 800 -984,0 -846881,0 4096
1 801 -991,1 -848001,0 4096
1 802 -978,5 -848409,0 4096
1 803 -978,1 -849469,0 4096
1 804 -979,3 -850529,0 4096
1 805 -978,1 -851569,0 4096
1 806 -980,5 -852689,0 4096
1 807 -979,7 -853729,0 4096
1 808 -978,9 -854729,0 4096
1 809 -978,9 -855729,0 4096
1 810 -978,9 -856749,0 4096
1 811 -984,4 -857769,0 4096
1 812 -979,5 -858543,0 4096
1 813 -978,5 -859515,0 4096
1 814 -977,3 -860515,0 4096
1 815 -985,1 -861535,0 4096
1 816 -975,3 -862043,0 4096
1 817 -965,9 -862655,0 4096
1 818 -965,2 -863637,0 4096
1 819 -965,6 -864677,0 4096
1 820 -966,0 -865697,0 4096
1 821 -977,7 -866817,0 4096
1 822 -978,1 -867837,0 4096
1 823 -976,9 -868818,0 4096
1 824 -978,9 -869718,0 4096
1 825 -983,1 -870758,0 4096
1 826 -981,9 -871758,0 4096
1 827 -981,1 -872758,0 4096
1 828 -981,1 -873758,0 4096
1 829 -980,3 -874778,0 4096
1 830 -972,7 -875397,0 4096
1 831 -972,7 -876477,0 4096
1 832 -974,3 -877557,0 4096
1 833 -982,0 -878577,0 4096
1 834 -981,3 -879539,0 4096
1 835 -982,5 -880639,0 4096
1 836 -981,3 -881639,0 4096
1 837 -981,7 -882679,0 4096
1 838 -977,4 -883467,0 4096
1 839 -968,6 -884068,0 4096
1 840 -970,2 -885168,0 4096
1 841 -964,5 -886001,0 4096
1 842 -954,9 -886541,0 4096
1 843 -954,5 -887541,0 4096
1 844 -946,4 -887943,0 4096
1 845 -944,8 -888963,0 4096
1 846 -938,5 -889648,0 4096
1 847 -938,1 -890648,0 4096
1 848 -936,5 -891648,0 4096
1 849 -936,5 -892648,0 4096
1 850 -937,3 -893748,0 4096
1 851 -923,5 -894174,0 4096
1 852 -936,5 -895234,0 4096
1 853 -935,3 -896234,0 4096
1 854 -934,1 -897234,0 4096
1 855 -922,8 -897711,0 4096
1 856 -921,6 -898771,0 4096
1 857 -906,7 -899065,0 4096
1 858 -906,7 -900065,0 4096
1 859 -906,7 -901065,0 4096
1 860 -906,3 -902065,0 4096
1 861 -890,2 -902280,0 4096
1 862 -895,5 -903320,0 4096
1 863 -896,9 -904360,0 4096
1 864 -898,5 -905440,0 4096
1 865 -898,9 -906480,0 4096
1 866 -909,5 -907516,0 4096
1 867 -917,6 -908536,0 4096
1 868 -918,4 -909556,0 4096
1 869 -919,2 -910636,0 4096
1 870 -916,6 -911525,0 4096
1 871 -914,2 -912525,0 4096
1 872 -904,2 -913048,0 4096
1 873 -896,3 -913634,0 4096
1 874 -898,7 -914654,0 4096
1 875 -898,7 -915694,0 4096
1 876 -897,8 -916648,0 4096
1 877 -897,8 -917648,0 4096
1 878 -898,2 -918668,0 4096
1 879 -898,6 -919708,0 4096
1 880 -906,6 -920728,0 4096
1 881 -905,0 -921728,0 4096
1 882 -903,8 -922748,0 4096
1 883 -903,8 -923768,0 4096
1 884 -904,6 -924768,0 4096
1 885 -902,6 -925768,0 4096
1 886 -902,6 -926768,0 4096
1 887 -901,8 -927768,0 4096
1 888 -907,6 -928848,0 4096
1 889 -915,6 -929848,0 4096
1 890 -915,2 -930928,0 4096
1 891 -919,3 -931968,0 4096
1 892 -928,9 -932988,0 4096
1 893 -918,2 -933450,0 4096
1 894 -930,9 -934490,0 4096
1 895 -930,5 -935490,0 4096
1 896 -936,8 -936490,0 4096
1 897 -936,8 -937490,0 4096
1 898 -936,8 -938490,0 4096
1 899 -936,8 -939490,0 4096
1 900 -932,3 -940362,0 4096
1 901 -944,2 -941382,0 4096
1 902 -943,4 -942402,0 4096
1 903 -937,4 -943103,0 4096
1 904 -937,8 -944123,0 4096
1 905 -950,2 -945223,0 4096
1 906 -949,0 -946223,0 4096
1 907 -963,2 -947223,0 4096
1 908 -963,6 -948243,0 4096
1 909 -948,8 -948506,0 4096
1 910 -949,2 -949526,0 4096
1 911 -965,3 -950546,0 4096
1 912 -964,4 -951539,0 4096
1 913 -963,6 -952539,0 4096
1 914 -962,4 -953559,0 4096
1 915 -957,5 -954353,0 4096
1 916 -956,7 -955353,0 4096
1 917 -956,7 -956373,0 4096
1 918 -956,3 -957373,0 4096
1 919 -954,7 -958373,0 4096
1 920 -942,9 -958671,0 4096
1 921 -943,3 -959691,0 4096
1 922 -944,6 -960278,0 4096
1 923 -953,3 -961298,0 4096
1 924 -952,9 -962298,0 4096
1 925 -952,5 -963318,0 4096
1 926 -953,8 -964338,0 4096
1 927 -953,8 -965338,0 4096
1 928 -953,8 -966358,0 4096
1 929 -953,0 -967358,0 4096
1 930 -952,6 -968358,0 4096
1 931 -953,0 -969378,0 4096
1 932 -950,9 -970295,0 4096
1 933 -950,9 -971315,0 4096
1 934 -950,9 -972315,0 4096
1 935 -950,9 -973315,0 4096
1 936 -951,3 -974335,0 4096
1 937 -942,8 -974907,0 4096
1 938 -941,2 -975907,0 4096
1 939 -935,6 -976627,0 4096
1 940 -923,7 -977111,0 4096
1 941 -922,9 -978111,0 4096
1 942 -922,5 -979111,0 4096
1 943 -933,2 -980111,0 4096
1 944 -932,4 -981111,0 4096
1 945 -932,4 -982111,0 4096
1 946 -932,8 -983131,0 4096
1 947 -933,2 -984151,0 4096
1 948 -926,2 -984798,0 4096
1 949 -926,6 -985818,0 4096
1 950 -929,1 -986818,0 4096
1 951 -928,7 -987818,0 4096
1 952 -928,7 -988838,0 4096
1 953 -935,0 -989853,0 4096
1 954 -920,8 -990164,0 4096
1 955 -919,2 -991184,0 4096
1 956 -919,2 -992184,0 4096
1 957 -903,1 -992379,0 4096
1 958 -903,1 -993399,0 4096
1 959 -914,2 -994214,0 4096
1 960 -913,8 -995214,0 4096
1 961 -913,4 -996214,0 4096
1 962 -913,5 -997214,0 4096
1 963 -897,6 -997420,0 4096
1 964 -897,2 -998420,0 4096
1 965 -901,3 -999420,0 4096
1 966 -902,5 -1000480,0 4096
1 967 -902,1 -1001480,0 4096
1 968 -902,5 -1002500,0 4096
1 969 -902,5 -1003500,0 4096
1 970 -916,6 -1004500,0 4096
1 971 -916,2 -1005500,0 4096
1 972 -924,8 -1006520,0 4096
1 973 -924,8 -1007540,0 4096
1 974 -924,8 -1008540,0 4096
1 975 -925,2 -1009580,0 4096
1 976 -925,2 -1010600,0 4096
1 977 -914,2 -1011046,0 4096
1 978 -913,8 -1012046,0 4096
1 979 -913,8 -1013046,0 4096
1 980 -913,8 -1014046,0 4096
1 981 -913,8 -1015066,0 4096
1 982 -906,2 -1015605,0 4096
1 983 -897,4 -1016185,0 4096
1 984 -897,2 -1017174,0 4096
1 985 -897,6 -1018194,0 4096
1 986 -896,7 -1019171,0 4096
1 987 -905,3 -1020171,0 4096
1 988 -905,3 -1021171,0 4096
1 989 -910,9 -1022171,0 4096
1 990 -921,2 -1023171,0 4096
1 991 -921,2 -1024171,0 4096
1 992 -921,2 -1025171,0 4096
1 993 -911,6 -1025691,0 4096
1 994 -911,6 -1026691,0 4096
1 995 -911,6 -1027691,0 4096
1 996 -911,2 -1028691,0 4096
1 997 -908,6 -1029579,0 4096
1 998 -915,6 -1030579,0 4096
1 999 -915,2 -1031579,0 4096
1 1000 -915,6 -1032599,0 4096
1 1001 -916,4 -1033639,0 4096
1 1002 -916,0 -1034639,0 4096
1 1003 -915,7 -1035639,0 4096
1 1004 -929,5 -1036639,0 4096
1 1005 -929,1 -1037639,0 4096
1 1006 -929,1 -1038639,0 4096
1 1007 -945,2 -1039639,0 4096
1 1008 -937,4 -1040268,0 4096
1 1009 -941,1 -1041268,0 4096
1 1010 -941,1 -1042268,0 4096
1 1011 -941,1 -1043268,0 4096
1 1012 -941,1 -1044268,0 4096
1 1013 -957,0 -1045268,0 4096
1 1014 -957,0 -1046268,0 4096
1 1015 -948,2 -1046831,0 4096
1 1016 -947,0 -1047831,0 4096
1 1017 -947,0 -1048831,0 4096
1 1018 -947,8 -1049891,0 4096
1 1019 -941,0 -1050549,0 4096
1 1020 -935,2 -1051258,0 4096
1 1021 -932,3 -1052115,0 4096
1 1022 -931,9 -1053115,0 4096
1 1023 -931,5 -1054115,0 4096
1 1024 -931,5 -1055115,0 4096
1 1025 -930,7 -1056115,0 4096
1 1026 -930,3 -1057115,0 4096
1 1027 -929,1 -1057503,0 4096
1 1028 -916,7 -1057882,0 4096
1 1029 -912,0 -1058644,0 4096
1 1030 -912,0 -1059644,0 4096
1 1031 -907,8 -1060455,0 4096
1 1032 -912,4 -1061227,0 4096
1 1033 -921,2 -1062247,0 4096
1 1034 -921,5 -1063247,0 4096
1 1035 -921,1 -1064247,0 4096
1 1036 -921,5 -1065247,0 4096
1 1037 -919,4 -1066141,0 4096
1 1038 -919,4 -1067141,0 4096
1 1039 -906,8 -1067513,0 4096
1 1040 -906,8 -1068513,0 4096
1 1041 -906,8 -1069513,0 4096
1 1042 -907,2 -1070533,0 4096
1 1043 -914,1 -1071398,0 4096
1 1044 -914,1 -1072398,0 4096
1 1045 -914,1 -1073398,0 4096
1 1046 -914,1 -1074398,0 4096
1 1047 -905,5 -1074853,0 4096
1 1048 -905,5 -1075853,0 4096
1 1049 -905,5 -1076853,0 4096
1 1050 -905,5 -1077873,0 4096
1 1051 -904,7 -1078873,0 4096
1 1052 -904,7 -1079873,0 4096
1 1053 -904,7 -1080873,0 4096
1 1054 -904,7 -1081873,0 4096
1 1055 -904,3 -1082856,0 4096
1 1056 -896,7 -1083474,0 4096
1 1057 -896,7 -1084474,0 4096
1 1058 -904,9 -1085514,0 4096
1 1059 -904,9 -1086514,0 4096
1 1060 -904,9 -1087514,0 4096
1 1061 -904,9 -1088514,0 4096
1 1062 -904,9 -1089514,0 4096
1 1063 -892,5 -1089894,0 4096
1 1064 -892,5 -1090894,0 4096
1 1065 -901,3 -1091894,0 4096
1 1066 -901,3 -1092894,0 4096
1 1067 -901,3 -1093894,0 4096
1 1068 -894,0 -1094592,0 4096
1 1069 -900,9 -1095592,0 4096
1 1070 -906,7 -1096592,0 4096
1 1071 -909,5 -1097592,0 4096
1 1072 -909,5 -1098592,0 4096
1 1073 -909,9 -1099612,0 4096
1 1074 -909,9 -1100612,0 4096
1 1075 -909,9 -1101612,0 4096
1 1076 -909,9 -1102612,0 4096
1 1077 -922,2 -1103612,0 4096
1 1078 -934,6 -1104612,0 4096
1 1079 -939,8 -1105632,0 4096
1 1080 -940,2 -1106652,0 4096
1 1081 -943,9 -1107652,0 4096
1 1082 -948,5 -1108652,0 4096
1 1083 -948,1 -1109652,0 4096
1 1084 -948,1 -1110652,0 4096
1 1085 -948,1 -1111652,0 4096
1 1086 -948,1 -1112652,0 4096
1 1087 -950,2 -1113652,0 4096
1 1088 -950,2 -1114652,0 4096
1 1089 -962,8 -1115652,0 4096
1 1090 -955,5 -1116288,0 4096
1 1091 -955,5 -1117288,0 4096
1 1092 -955,1 -1118288,0 4096
1 1093 -949,4 -1118869,0 4096
1 1094 -949,4 -1119869,0 4096
1 1095 -949,4 -1120869,0 4096
1 1096 -948,4 -1121820,0 4096
1 1097 -959,3 -1122820,0 4096
1 1098 -959,3 -1123820,0 4096
1 1099 -959,3 -1124820,0 4096
1 1100 -958,9 -1125820,0 4096
1 1101 -958,9 -1126820,0 4096
1 1102 -959,3 -1127840,0 4096
1 1103 -959,3 -1128840,0 4096
1 1104 -959,7 -1129860,0 4096
1 1105 -960,1 -1130860,0 4096
1 1106 -967,7 -1131860,0 4096
1 1107 -962,3 -1132590,0 4096
1 1108 -961,5 -1133590,0 4096
1 1109 -961,5 -1134590,0 4096
1 1110 -961,5 -1135590,0 4096
1 1111 -961,5 -1136590,0 4096
1 1112 -961,5 -1137590,0 4096
1 1113 -973,9 -1138590,0 4096
1 1114 -973,9 -1139590,0 4096
1 1115 -974,3 -1140610,0 4096
1 1116 -967,1 -1141250,0 4096
1 1117 -967,1 -1142250,0 4096
1 1118 -973,2 -1143250,0 4096
1 1119 -973,2 -1144250,0 4096
1 1120 -973,2 -1145250,0 4096
1 1121 -973,2 -1146250,0 4096
1 1122 -973,2 -1147250,0 4096
1 1123 -972,4 -1148230,0 4096
1 1124 -972,4 -1149230,0 4096
1 1125 -963,8 -1149801,0 4096
1 1126 -961,8 -1150700,0 4096
1 1127 -961,8 -1151700,0 4096
1 1128 -961,8 -1152700,0 4096
1 1129 -956,7 -1153467,0 4096
1 1130 -956,3 -1154467,0 4096
1 1131 -954,8 -1155394,0 4096
1 1132 -954,8 -1156394,0 4096
1 1133 -954,8 -1157394,0 4096
1 1134 -943,1 -1157808,0 4096
1 1135 -943,1 -1158808,0 4096
1 1136 -943,1 -1159808,0 4096
1 1137 -943,1 -1160808,0 4096
1 1138 -943,1 -1161808,0 4096
1 1139 -943,1 -1162808,0 4096
1 1140 -943,8 -1163478,0 4096
1 1141 -943,8 -1164478,0 4096
1 1142 -943,8 -1165478,0 4096
1 1143 -952,2 -1166478,0 4096
1 1144 -951,6 -1167449,0 4096
1 1145 -951,6 -1168449,0 4096
1 1146 -952,6 -1169449,0 4096
1 1147 -952,6 -1170449,0 4096
1 1148 -952,6 -1171449,0 4096
1 1149 -950,0 -1172322,0 4096
1 1150 -950,0 -1173322,0 4096
1 1151 -950,0 -1174322,0 4096
1 1152 -949,6 -1175322,0 4096
1 1153 -949,6 -1176322,0 4096
1 1154 -949,2 -1177322,0 4096
1 1155 -949,2 -1178322,0 4096
1 1156 -949,2 -1179322,0 4096
1 1157 -940,9 -1179637,0 4096
1 1158 -940,9 -1180637,0 4096
1 1159 -940,9 -1181637,0 4096
1 1160 -940,9 -1182637,0 4096
1 1161 -929,8 -1183078,0 4096
1 1162 -929,8 -1184078,0 4096
1 1163 -929,8 -1185078,0 4096
1 1164 -929,8 -1186078,0 4096
1 1165 -929,4 -1187078,0 4096
1 1166 -936,6 -1188078,0 4096
1 1167 -930,3 -1188766,0 4096
1 1168 -930,3 -1189766,0 4096
1 1169 -929,9 -1190747,0 4096
1 1170 -929,9 -1191747,0 4096
1 1171 -929,9 -1192747,0 4096
1 1172 -929,9 -1193747,0 4096
1 1173 -930,3 -1194747,0 4096
1 1174 -930,3 -1195747,0 4096
1 1175 -938,9 -1196747,0 4096
1 1176 -940,9 -1197747,0 4096
1 1177 -940,9 -1198747,0 4096
1 1178 -940,9 -1199747,0 4096
1 1179 -938,7 -1200403,0 4096
1 1180 -938,7 -1201403,0 4096
1 1181 -940,2 -1202403,0 4096
1 1182 -940,2 -1203403,0 4096
1 1183 -940,5 -1204420,0 4096
1 1184 -952,2 -1205420,0 4096
1 1185 -952,2 -1206420,0 4096
1 1186 -952,2 -1207420,0 4096
1 1187 -952,2 -1208420,0 4096
1 1188 -950,9 -1209354,0 4096
1 1189 -950,3 -1210324,0 4096
1 1190 -956,9 -1211324,0 4096
1 1191 -956,9 -1212324,0 4096
1 1192 -956,9 -1213324,0 4096
1 1193 -954,1 -1214182,0 4096
1 1194 -954,7 -1215182,0 4096
1 1195 -954,7 -1216182,0 4096
1 1196 -954,7 -1217182,0 4096
1 1197 -954,7 -1218182,0 4096
1 1198 -954,7 -1219182,0 4096
1 1199 -957,2 -1220182,0 4096
1 1200 -957,2 -1221182,0 4096
1 1201 -957,2 -1222182,0 4096
1 1202 -945,5 -1222598,0 4096
1 1203 -945,5 -1223598,0 4096
1 1204 -945,5 -1224598,0 4096
1 1205 -945,5 -1225598,0 4096
1 1206 -945,5 -1226598,0 4096
1 1207 -959,2 -1227598,0 4096
1 1208 -959,2 -1228598,0 4096
1 1209 -959,2 -1229598,0 4096
1 1210 -959,2 -1230598,0 4096
1 1211 -970,4 -1231598,0 4096
1 1212 -961,0 -1232129,0 4096
1 1213 -961,0 -1233129,0 4096
1 1214 -961,0 -1234129,0 4096
1 1215 -961,0 -1235129,0 4096
1 1216 -961,0 -1236129,0 4096
1 1217 -967,3 -1237129,0 4096
1 1218 -955,8 -1237558,0 4096
1 1219 -940,2 -1237755,0 4096
1 1220 -931,6 -1238328,0 4096
1 1221 -931,6 -1239328,0 4096
1 1222 -922,8 -1239889,0 4096
1 1223 -922,8 -1240889,0 4096
1 1224 -920,6 -1241775,0 4096
1 1225 -920,6 -1242775,0 4096
1 1226 -920,6 -1243775,0 4096
1 1227 -914,3 -1244462,0 4096
1 1228 -914,3 -1245462,0 4096
1 1229 -921,2 -1246462,0 4096
1 1230 -911,9 -1246998,0 4096
1 1231 -911,9 -1247998,0 4096
1 1232 -911,9 -1248998,0 4096
1 1233 -897,5 -1249296,0 4096
1 1234 -897,5 -1250296,0 4096
1 1235 -884,3 -1250634,0 4096
1 1236 -884,3 -1251634,0 4096
1 1237 -884,3 -1252634,0 4096
1 1238 -885,6 -1253634,0 4096
1 1239 -878,6 -1254255,0 4096
1 1240 -878,6 -1255255,0 4096
1 1241 -878,6 -1256255,0 4096
1 1242 -878,6 -1257255,0 4096
1 1243 -881,5 -1258255,0 4096
1 1244 -881,5 -1259255,0 4096
1 1245 -881,5 -1260255,0 4096
1 1246 -871,4 -1260750,0 4096
1 1247 -871,4 -1261750,0 4096
1 1248 -871,4 -1262750,0 4096
1 1249 -871,4 -1263750,0 4096
1 1250 -871,4 -1264750,0 4096
1 1251 -871,4 -1265750,0 4096
1 1252 -878,5 -1266521,0 4096
1 1253 -878,5 -1267521,0 4096
1 1254 -878,5 -1268521,0 4096
1 1255 -878,5 -1269521,0 4096
1 1256 -878,5 -1270521,0 4096
1 1257 -878,5 -1271521,0 4096
1 1258 -878,5 -1272521,0 4096
1 1259 -878,5 -1273521,0 4096
1 1260 -878,5 -1274521,0 4096
1 1261 -878,5 -1275521,0 4096
1 1262 -887,8 -1276521,0 4096
1 1263 -886,9 -1277475,0 4096
1 1264 -886,9 -1278475,0 4096
1 1265 -886,9 -1279475,0 4096
1 1266 -883,3 -1280294,0 4096
1 1267 -869,8 -1280620,0 4096
1 1268 -882,0 -1281660,0 4096
1 1269 -898,1 -1282660,0 4096
1 1270 -901,6 -1283410,0 4096
1 1271 -896,6 -1284158,0 4096
1 1272 -905,4 -1285158,0 4096
1 1273 -905,4 -1286158,0 4096
1 1274 -908,0 -1287175,0 4096
1 1275 -908,0 -1288175,0 4096
1 1276 -908,0 -1289175,0 4096
1 1277 -914,7 -1290195,0 4096
1 1278 -914,7 -1291195,0 4096
1 1279 -912,0 -1292063,0 4096
1 1280 -921,3 -1293063,0 4096
1 1281 -921,3 -1294063,0 4096
1 1282 -921,3 -1295063,0 4096
1 1283 -927,8 -1295687,0 4096
1 1284 -927,8 -1296687,0 4096
1 1285 -941,1 -1297687,0 4096
1 1286 -941,1 -1298687,0 4096
1 1287 -941,1 -1299687,0 4096
1 1288 -941,1 -1300687,0 4096
1 1289 -948,6 -1301687,0 4096
1 1290 -948,6 -1302687,0 4096
1 1291 -940,2 -1303264,0 4096
1 1292 -940,2 -1304264,0 4096
1 1293 -940,6 -1305284,0 4096
1 1294 -936,1 -1306061,0 4096
1 1295 -936,1 -1307061,0 4096
1 1296 -946,2 -1308061,0 4096
1 1297 -946,2 -1309061,0 4096
1 1298 -946,2 -1310061,0 4096
1 1299 -946,2 -1311061,0 4096
1 1300 -945,5 -1312024,0 4096
1 1301 -945,5 -1313024,0 4096
1 1302 -950,1 -1314024,0 4096
1 1303 -950,1 -1315024,0 4096
1 1304 -950,1 -1316024,0 4096
1 1305 -937,1 -1316377,0 4096
1 1306 -937,1 -1317377,0 4096
1 1307 -937,1 -1318377,0 4096
1 1308 -937,1 -1319377,0 4096
1 1309 -937,1 -1320377,0 4096
1 1310 -937,1 -1321377,0 4096
1 1311 -937,1 -1322377,0 4096
1 1312 -937,1 -1323377,0 4096
1 1313 -938,0 -1324377,0 4096
1 1314 -938,0 -1325377,0 4096
1 1315 -928,1 -1325881,0 4096
1 1316 -931,7 -1326881,0 4096
1 1317 -945,2 -1327881,0 4096
1 1318 -944,4 -1328881,0 4096
1 1319 -940,9 -1329704,0 4096
1 1320 -943,0 -1330559,0 4096
1 1321 -948,0 -1331559,0 4096
1 1322 -937,2 -1332018,0 4096
1 1323 -937,2 -1333018,0 4096
1 1324 -936,9 -1334018,0 4096
1 1325 -936,9 -1335018,0 4096
1 1326 -936,9 -1336018,0 4096
1 1327 -936,9 -1337038,0 4096
1 1328 -923,8 -1337383,0 4096
1 1329 -926,4 -1338383,0 4096
1 1330 -926,4 -1339383,0 4096
1 1331 -926,4 -1340383,0 4096
1 1332 -926,4 -1341383,0 4096
1 1333 -933,9 -1342383,0 4096
1 1334 -922,0 -1342785,0 4096
1 1335 -922,0 -1343785,0 4096
1 1336 -922,0 -1344785,0 4096
1 1337 -920,0 -1345687,0 4096
1 1338 -920,4 -1346707,0 4096
1 1339 -920,4 -1347707,0 4096
1 1340 -920,4 -1348707,0 4096
1 1341 -928,9 -1349707,0 4096
1 1342 -929,3 -1350727,0 4096
1 1343 -928,9 -1351727,0 4096
1 1344 -933,3 -1352727,0 4096
1 1345 -929,1 -1353516,0 4096
1 1346 -929,1 -1354516,0 4096
1 1347 -923,3 -1355226,0 4096
1 1348 -923,3 -1356226,0 4096
1 1349 -923,3 -1357226,0 4096
1 1350 -922,7 -1358159,0 4096
1 1351 -922,7 -1359159,0 4096
1 1352 -922,7 -1360159,0 4096
1 1353 -922,7 -1361159,0 4096
1 1354 -918,2 -1361935,0 4096
1 1355 -931,2 -1362935,0 4096
1 1356 -920,1 -1363381,0 4096
1 1357 -910,6 -1363907,0 4096
1 1358 -896,8 -1364218,0 4096
1 1359 -895,9 -1365170,0 4096
1 1360 -894,1 -1366084,0 4096
1 1361 -894,1 -1367084,0 4096
1 1362 -893,6 -1368057,0 4096
1 1363 -893,6 -1369057,0 4096
1 1364 -893,6 -1370057,0 4096
1 1365 -903,5 -1371057,0 4096
1 1366 -903,5 -1372057,0 4096
1 1367 -903,5 -1373057,0 4096
1 1368 -903,9 -1374077,0 4096
1 1369 -907,5 -1375077,0 4096
1 1370 -910,4 -1376077,0 4096
1 1371 -910,4 -1377077,0 4096
1 1372 -921,2 -1378077,0 4096
1 1373 -921,2 -1379077,0 4096
1 1374 -910,3 -1379531,0 4096
1 1375 -910,3 -1380531,0 4096
1 1376 -910,3 -1381531,0 4096
1 1377 -909,9 -1382531,0 4096
1 1378 -914,5 -1383110,0 4096
1 1379 -914,5 -1384110,0 4096
1 1380 -897,8 -1384271,0 4096
1 1381 -897,8 -1385271,0 4096
1 1382 -885,0 -1385631,0 4096
1 1383 -885,0 -1386631,0 4096
1 1384 -896,9 -1387631,0 4096
1 1385 -896,9 -1388631,0 4096
1 1386 -896,9 -1389631,0 4096
1 1387 -898,9 -1390631,0 4096
1 1388 -898,5 -1391631,0 4096
1 1389 -892,2 -1392315,0 4096
1 1390 -892,2 -1393315,0 4096
1 1391 -892,2 -1394315,0 4096
1 1392 -891,8 -1395315,0 4096
1 1393 -891,8 -1396315,0 4096
1 1394 -891,8 -1397315,0 4096
1 1395 -896,0 -1398315,0 4096
1 1396 -896,0 -1399315,0 4096
1 1397 -901,8 -1400315,0 4096
1 1398 -901,8 -1401315,0 4096
1 1399 -901,8 -1402315,0 4096
1 1400 -903,1 -1403315,0 4096
1 1401 -892,1 -1403764,0 4096
1 1402 -878,5 -1404086,0 4096
1 1403 -867,9 -1404553,0 4096
1 1404 -873,6 -1405613,0 4096
1 1405 -873,6 -1406613,0 4096
1 1406 -884,6 -1407613,0 4096
1 1407 -887,3 -1408271,0 4096
1 1408 -901,1 -1409271,0 4096
1 1409 -902,0 -1410271,0 4096
1 1410 -896,3 -1410901,0 4096
1 1411 -890,4 -1411604,0 4096
1 1412 -883,3 -1412222,0 4096
1 1413 -875,2 -1412817,0 4096
1 1414 -875,2 -1413817,0 4096
1 1415 -875,6 -1414837,0 4096
1 1416 -875,6 -1415837,0 4096
1 1417 -861,3 -1416122,0 4096
1 1418 -860,9 -1417122,0 4096
1 1419 -860,9 -1418122,0 4096
1 1420 -853,1 -1418732,0 4096
1 1421 -853,1 -1419732,0 4096
1 1422 -853,5 -1420752,0 4096
1 1423 -848,2 -1421489,0 4096
1 1424 -859,2 -1422489,0 4096
1 1425 -859,2 -1423489,0 4096
1 1426 -846,1 -1423835,0 4096
1 1427 -846,1 -1424835,0 4096
1 1428 -855,3 -1425875,0 4096
1 1429 -855,3 -1426875,0 4096
1 1430 -872,1 -1427875,0 4096
1 1431 -872,1 -1428875,0 4096
1 1432 -884,9 -1429875,0 4096
1 1433 -884,9 -1430875,0 4096
1 1434 -884,9 -1431875,0 4096
1 1435 -884,9 -1432875,0 4096
1 1436 -882,3 -1433748,0 4096
1 1437 -882,3 -1434748,0 4096
1 1438 -869,5 -1435104,0 4096
1 1439 -865,8 -1435604,0 4096
1 1440 -865,8 -1436604,0 4096
1 1441 -865,8 -1437604,0 4096
1 1442 -865,8 -1438604,0 4096
1 1443 -865,8 -1439604,0 4096
1 1444 -865,8 -1440604,0 4096
1 1445 -858,5 -1441240,0 4096
1 1446 -858,5 -1442240,0 4096
1 1447 -858,5 -1443240,0 4096
1 1448 -858,5 -1444240,0 4096
1 1449 -849,9 -1444811,0 4096
1 1450 -849,9 -1445811,0 4096
1 1451 -860,9 -1446811,0 4096
1 1452 -874,5 -1447811,0 4096
1 1453 -885,6 -1448831,0 4096
1 1454 -884,4 -1449831,0 4096
1 1455 -872,6 -1450243,0 4096
1 1456 -860,9 -1450658,0 4096
1 1457 -867,7 -1451658,0 4096
1 1458 -867,7 -1452658,0 4096
1 1459 -867,7 -1453658,0 4096
1 1460 -875,1 -1454658,0 4096
1 1461 -881,1 -1455658,0 4096
1 1462 -888,7 -1456658,0 4096
1 1463 -896,8 -1457658,0 4096
1 1464 -896,8 -1458658,0 4096
1 1465 -896,4 -1459658,0 4096
1 1466 -896,4 -1460658,0 4096
1 1467 -910,7 -1461658,0 4096
1 1468 -910,7 -1462658,0 4096
1 1469 -906,5 -1463449,0 4096
1 1470 -914,3 -1464449,0 4096
1 1471 -914,3 -1465449,0 4096
1 1472 -913,9 -1466449,0 4096
1 1473 -919,2 -1467449,0 4096
1 1474 -919,2 -1468449,0 4096
1 1475 -919,2 -1469449,0 4096
1 1476 -932,3 -1470449,0 4096
1 1477 -928,5 -1471259,0 4096
1 1478 -927,7 -1472259,0 4096
1 1479 -928,1 -1473279,0 4096
1 1480 -928,1 -1474279,0 4096
1 1481 -928,1 -1475279,0 4096
1 1482 -919,7 -1475860,0 4096
1 1483 -906,2 -1476187,0 4096
1 1484 -906,2 -1477187,0 4096
1 1485 -906,2 -1478187,0 4096
1 1486 -908,8 -1479187,0 4096
1 1487 -908,8 -1480187,0 4096
1 1488 -911,9 -1480697,0 4096
1 1489 -921,9 -1481697,0 4096
1 1490 -921,0 -1482653,0 4096
1 1491 -921,0 -1483653,0 4096
1 1492 -921,4 -1484673,0 4096
1 1493 -921,4 -1485673,0 4096
1 1494 -921,4 -1486673,0 4096
1 1495 -928,7 -1487673,0 4096
1 1496 -929,5 -1488713,0 4096
1 1497 -929,5 -1489713,0 4096
1 1498 -929,5 -1490713,0 4096
1 1499 -938,0 -1491713,0 4096
1 1500 -938,0 -1492713,0 4096
1 1501 -938,0 -1493713,0 4096
1 1502 -938,0 -1494713,0 4096
1 1503 -928,5 -1495257,0 4096
1 1504 -922,4 -1495952,0 4096
1 1505 -931,4 -1496815,0 4096
1 1506 -943,1 -1497815,0 4096
1 1507 -943,1 -1498815,0 4096
1 1508 -943,5 -1499835,0 4096
1 1509 -943,5 -1500835,0 4096
1 1510 -943,5 -1501835,0 4096
1 1511 -943,5 -1502835,0 4096
1 1512 -942,2 -1503767,0 4096
1 1513 -942,2 -1504767,0 4096
1 1514 -942,2 -1505767,0 4096
1 1515 -942,2 -1506767,0 4096
1 1516 -938,8 -1507599,0 4096
1 1517 -938,8 -1508599,0 4096
1 1518 -938,8 -1509599,0 4096
1 1519 -944,2 -1510659,0 4096
1 1520 -944,2 -1511659,0 4096
1 1521 -944,2 -1512659,0 4096
1 1522 -944,2 -1513659,0 4096
1 1523 -944,6 -1514679,0 4096
1 1524 -944,6 -1515679,0 4096
1 1525 -944,6 -1516679,0 4096
1 1526 -944,6 -1517679,0 4096
1 1527 -948,4 -1518679,0 4096
1 1528 -942,4 -1519379,0 4096
1 1529 -942,0 -1520379,0 4096
1 1530 -942,0 -1521379,0 4096
1 1531 -942,0 -1522379,0 4096
1 1532 -950,4 -1523379,0 4096
1 1533 -957,4 -1524056,0 4096
1 1534 -957,4 -1525056,0 4096
1 1535 -948,9 -1525632,0 4096
1 1536 -942,2 -1526299,0 4096
1 1537 -933,2 -1526849,0 4096
1 1538 -939,0 -1527649,0 4096
1 1539 -939,0 -1528649,0 4096
1 1540 -934,6 -1529385,0 4096
1 1541 -934,6 -1530385,0 4096
1 1542 -934,2 -1531385,0 4096
1 1543 -934,2 -1532385,0 4096
1 1544 -921,4 -1532743,0 4096
1 1545 -921,4 -1533743,0 4096
1 1546 -920,6 -1534743,0 4096
1 1547 -920,6 -1535743,0 4096
1 1548 -912,5 -1536337,0 4096
1 1549 -912,5 -1537337,0 4096
1 1550 -912,5 -1538337,0 4096
1 1551 -905,3 -1538977,0 4096
1 1552 -905,3 -1539977,0 4096
1 1553 -914,4 -1540977,0 4096
1 1554 -920,5 -1541977,0 4096
1 1555 -922,1 -1542918,0 4096
1 1556 -922,1 -1543918,0 4096
1 1557 -922,5 -1544938,0 4096
1 1558 -922,1 -1545938,0 4096
1 1559 -922,5 -1546958,0 4096
1 1560 -922,5 -1547958,0 4096
1 1561 -918,0 -1548735,0 4096
1 1562 -919,4 -1549735,0 4096
1 1563 -918,7 -1550702,0 4096
1 1564 -918,7 -1551702,0 4096
1 1565 -918,7 -1552702,0 4096
1 1566 -922,1 -1553702,0 4096
1 1567 -922,1 -1554702,0 4096
1 1568 -916,2 -1555410,0 4096
1 1569 -915,0 -1556410,0 4096
1 1570 -915,0 -1557410,0 4096
1 1571 -915,0 -1558410,0 4096
1 1572 -915,0 -1559410,0 4096
1 1573 -914,6 -1560410,0 4096
1 1574 -914,6 -1561410,0 4096
1 1575 -914,6 -1562410,0 4096
1 1576 -914,6 -1563410,0 4096
1 1577 -914,6 -1564410,0 4096
1 1578 -913,7 -1565063,0 4096
1 1579 -913,1 -1566035,0 4096
1 1580 -913,1 -1567035,0 4096
1 1581 -904,9 -1567626,0 4096
1 1582 -904,9 -1568626,0 4096
1 1583 -911,4 -1569626,0 4096
1 1584 -911,4 -1570626,0 4096
1 1585 -919,9 -1571626,0 4096
1 1586 -917,8 -1572189,0 4096
1 1587 -926,8 -1573189,0 4096
1 1588 -930,8 -1574189,0 4096
1 1589 -929,5 -1575122,0 4096
1 1590 -934,7 -1576122,0 4096
1 1591 -934,7 -1577122,0 4096
1 1592 -934,7 -1578122,0 4096
1 1593 -924,5 -1578610,0 4096
1 1594 -937,3 -1579610,0 4096
1 1595 -937,7 -1580630,0 4096
1 1596 -937,7 -1581630,0 4096
1 1597 -937,7 -1582630,0 4096
1 1598 -945,9 -1583630,0 4096
1 1599 -945,9 -1584630,0 4096
1 1600 -945,9 -1585630,0 4096
1 1601 -953,1 -1586630,0 4096
1 1602 -953,1 -1587630,0 4096
1 1603 -953,1 -1588630,0 4096
1 1604 -953,1 -1589630,0 4096
1 1605 -954,2 -1590630,0 4096
1 1606 -954,2 -1591630,0 4096
1 1607 -953,8 -1592630,0 4096
1 1608 -953,8 -1593630,0 4096
1 1609 -952,2 -1594566,0 4096
1 1610 -952,2 -1595566,0 4096
1 1611 -957,0 -1596586,0 4096
1 1612 -957,0 -1597586,0 4096
1 1613 -957,7 -1598586,0 4096
1 1614 -957,7 -1599586,0 4096
1 1615 -951,7 -1600289,0 4096
1 1616 -948,2 -1601111,0 4096
1 1617 -940,8 -1601740,0 4096
1 1618 -940,2 -1602422,0 4096
1 1619 -940,2 -1603422,0 4096
1 1620 -940,2 -1604422,0 4096
1 1621 -940,2 -1605422,0 4096
1 1622 -940,2 -1606422,0 4096
1 1623 -935,9 -1607207,0 4096
1 1624 -935,9 -1608207,0 4096
1 1625 -936,3 -1609227,0 4096
1 1626 -936,7 -1610247,0 4096
1 1627 -935,4 -1611178,0 4096
1 1628 -942,3 -1612178,0 4096
1 1629 -943,3 -1613198,0 4096
1 1630 -943,3 -1614198,0 4096
1 1631 -951,4 -1615198,0 4096
1 1632 -948,3 -1616042,0 4096
1 1633 -948,3 -1617042,0 4096
1 1634 -948,3 -1618042,0 4096
1 1635 -948,3 -1619042,0 4096
1 1636 -957,1 -1620042,0 4096
1 1637 -957,1 -1621042,0 4096
1 1638 -957,1 -1622042,0 4096
1 1639 -948,6 -1622551,0 4096
1 1640 -937,0 -1622974,0 4096
1 1641 -937,0 -1623974,0 4096
1 1642 -937,0 -1624974,0 4096
1 1643 -929,9 -1625103,0 4096
1 1644 -929,9 -1626103,0 4096
1 1645 -929,5 -1627103,0 4096
1 1646 -924,1 -1627836,0 4096
1 1647 -924,1 -1628836,0 4096
1 1648 -924,1 -1629836,0 4096
1 1649 -924,1 -1630836,0 4096
1 1650 -924,1 -1631836,0 4096
1 1651 -909,6 -1632112,0 4096
1 1652 -909,6 -1633112,0 4096
1 1653 -909,1 -1634083,0 4096
1 1654 -909,1 -1635083,0 4096
1 1655 -909,1 -1636083,0 4096
1 1656 -909,1 -1637083,0 4096
1 1657 -909,1 -1638083,0 4096
1 1658 -909,5 -1639103,0 4096
1 1659 -910,7 -1640103,0 4096
1 1660 -911,1 -1641123,0 4096
1 1661 -910,7 -1642123,0 4096
1 1662 -910,7 -1643123,0 4096
1 1663 -906,0 -1643888,0 4096
1 1664 -906,0 -1644888,0 4096
1 1665 -902,9 -1645435,0 4096
1 1666 -906,5 -1646435,0 4096
1 1667 -913,9 -1647435,0 4096
1 1668 -912,7 -1648057,0 4096
1 1669 -912,7 -1649057,0 4096
1 1670 -912,7 -1650057,0 4096
1 1671 -901,5 -1650499,0 4096
1 1672 -901,5 -1651499,0 4096
1 1673 -905,8 -1652499,0 4096
1 1674 -905,8 -1653499,0 4096
1 1675 -902,3 -1654341,0 4096
1 1676 -896,0 -1655047,0 4096
1 1677 -897,4 -1656047,0 4096
1 1678 -897,4 -1657047,0 4096
1 1679 -889,4 -1657670,0 4096
1 1680 -889,4 -1658670,0 4096
1 1681 -889,4 -1659670,0 4096
1 1682 -892,6 -1660670,0 4096
1 1683 -892,6 -1661670,0 4096
1 1684 -892,6 -1662670,0 4096
1 1685 -892,6 -1663670,0 4096
1 1686 -889,9 -1664539,0 4096
1 1687 -889,9 -1665539,0 4096
1 1688 -889,9 -1666539,0 4096
1 1689 -898,6 -1667480,0 4096
1 1690 -910,1 -1668480,0 4096
1 1691 -901,8 -1669064,0 4096
1 1692 -902,2 -1670084,0 4096
1 1693 -908,6 -1670531,0 4096
1 1694 -908,6 -1671531,0 4096
1 1695 -908,6 -1672531,0 4096
1 1696 -913,9 -1673531,0 4096
1 1697 -913,9 -1674531,0 4096
1 1698 -913,9 -1675531,0 4096
1 1699 -913,9 -1676531,0 4096
1 1700 -914,3 -1677551,0 4096
1 1701 -928,8 -1678551,0 4096
1 1702 -928,8 -1679551,0 4096
1 1703 -920,7 -1680116,0 4096
1 1704 -909,2 -1680542,0 4096
1 1705 -909,2 -1681542,0 4096
1 1706 -909,2 -1682542,0 4096
1 1707 -909,2 -1683542,0 4096
1 1708 -909,2 -1684562,0 4096
1 1709 -909,2 -1685562,0 4096
1 1710 -908,8 -1686562,0 4096
1 1711 -908,8 -1687562,0 4096
1 1712 -908,8 -1688562,0 4096
1 1713 -913,5 -1689562,0 4096
1 1714 -913,5 -1690562,0 4096
1 1715 -915,0 -1691183,0 4096
1 1716 -909,1 -1691892,0 4096
1 1717 -893,5 -1692110,0 4096
1 1718 -895,6 -1692838,0 4096
1 1719 -895,6 -1693838,0 4096
1 1720 -895,6 -1694838,0 4096
1 1721 -899,7 -1695485,0 4096
1 1722 -899,7 -1696485,0 4096
1 1723 -899,7 -1697485,0 4096
1 1724 -887,4 -1697869,0 4096
1 1725 -891,0 -1698889,0 4096
1 1726 -896,8 -1699889,0 4096
1 1727 -897,2 -1700909,0 4096
1 1728 -897,2 -1701909,0 4096
1 1729 -905,2 -1702929,0 4096
1 1730 -905,2 -1703929,0 4096
1 1731 -905,2 -1704929,0 4096
1 1732 -905,2 -1705929,0 4096
1 1733 -895,5 -1706445,0 4096
1 1734 -892,7 -1707306,0 4096
1 1735 -892,7 -1708306,0 4096
1 1736 -895,3 -1709306,0 4096
1 1737 -888,5 -1709966,0 4096
1 1738 -888,5 -1710966,0 4096
1 1739 -880,0 -1711480,0 4096
1 1740 -880,4 -1712500,0 4096
1 1741 -888,7 -1713500,0 4096
1 1742 -888,3 -1714500,0 4096
1 1743 -899,4 -1715500,0 4096
1 1744 -899,4 -1716500,0 4096
1 1745 -889,1 -1716986,0 4096
1 1746 -889,1 -1717986,0 4096
1 1747 -889,1 -1718986,0 4096
1 1748 -889,1 -1719986,0 4096
1 1749 -889,1 -1720986,0 4096
1 1750 -888,7 -1721986,0 4096
1 1751 -888,7 -1722986,0 4096
1 1752 -888,7 -1723986,0 4096
1 1753 -897,4 -1724986,0 4096
1 1754 -909,3 -1726006,0 4096
1 1755 -909,3 -1727006,0 4096
1 1756 -909,3 -1728006,0 4096
1 1757 -909,3 -1729006,0 4096
1 1758 -908,9 -1730006,0 4096
1 1759 -908,9 -1731006,0 4096
1 1760 -908,9 -1732006,0 4096
1 1761 -908,9 -1733006,0 4096
1 1762 -908,9 -1734006,0 4096
1 1763 -908,9 -1735006,0 4096
1 1764 -908,9 -1736006,0 4096
1 1765 -916,5 -1737006,0 4096
1 1766 -922,3 -1738006,0 4096
1 1767 -937,9 -1739006,0 4096
1 1768 -943,4 -1740006,0 4096
1 1769 -943,4 -1741006,0 4096
1 1770 -932,0 -1741440,0 4096
1 1771 -929,6 -1741964,0 4096
1 1772 -928,4 -1742906,0 4096
1 1773 -928,4 -1743906,0 4096
1 1774 -941,1 -1744926,0 4096
1 1775 -940,7 -1745926,0 4096
1 1776 -935,7 -1746676,0 4096
1 1777 -935,3 -1747676,0 4096
1 1778 -935,3 -1748676,0 4096
1 1779 -934,9 -1749676,0 4096
1 1780 -934,9 -1750676,0 4096
1 1781 -924,1 -1751133,0 4096
1 1782 -924,1 -1752133,0 4096
1 1783 -933,8 -1753133,0 4096
1 1784 -923,7 -1753493,0 4096
1 1785 -916,9 -1754149,0 4096
1 1786 -909,8 -1754796,0 4096
1 1787 -916,6 -1755796,0 4096
1 1788 -916,6 -1756796,0 4096
1 1789 -926,3 -1757796,0 4096
1 1790 -919,8 -1758490,0 4096
1 1791 -919,8 -1759490,0 4096
1 1792 -919,8 -1760490,0 4096
1 1793 -919,8 -1761490,0 4096
1 1794 -919,8 -1762490,0 4096
1 1795 -926,4 -1763304,0 4096
1 1796 -926,4 -1764304,0 4096
1 1797 -926,4 -1765304,0 4096
1 1798 -926,4 -1766304,0 4096
1 1799 -926,4 -1767304,0 4096
1 1800 -926,4 -1768304,0 4096
1 1801 -921,4 -1769055,0 4096
1 1802 -921,4 -1770055,0 4096
1 1803 -921,4 -1771055,0 4096
1 1804 -921,0 -1772055,0 4096
1 1805 -921,0 -1773055,0 4096
1 1806 -921,0 -1774055,0 4096
1 1807 -916,8 -1774848,0 4096
1 1808 -916,8 -1775848,0 4096
1 1809 -916,8 -1776848,0 4096
1 1810 -916,8 -1777848,0 4096
1 1811 -917,2 -1778868,0 4096
1 1812 -917,2 -1779868,0 4096
1 1813 -904,7 -1780239,0 4096
1 1814 -904,7 -1781239,0 4096
1 1815 -904,7 -1782239,0 4096
1 1816 -904,7 -1783239,0 4096
1 1817 -904,7 -1784239,0 4096
1 1818 -905,1 -1785259,0 4096
1 1819 -905,1 -1786259,0 4096
1 1820 -916,4 -1787259,0 4096
1 1821 -925,9 -1788259,0 4096
1 1822 -927,1 -1789259,0 4096
1 1823 -927,1 -1790259,0 4096
1 1824 -925,8 -1791217,0 4096
1 1825 -915,6 -1791707,0 4096
1 1826 -917,2 -1792535,0 4096
1 1827 -917,2 -1793535,0 4096
1 1828 -917,2 -1794535,0 4096
1 1829 -917,2 -1795535,0 4096
1 1830 -917,2 -1796535,0 4096
1 1831 -928,0 -1797535,0 4096
1 1832 -916,5 -1797956,0 4096
1 1833 -916,5 -1798956,0 4096
1 1834 -929,3 -1799956,0 4096
1 1835 -936,5 -1800976,0 4096
1 1836 -940,9 -1801841,0 4096
1 1837 -940,9 -1802841,0 4096
1 1838 -940,9 -1803841,0 4096
1 1839 -933,1 -1804453,0 4096
1 1840 -939,3 -1805453,0 4096
1 1841 -931,1 -1806044,0 4096
1 1842 -921,7 -1806574,0 4096
1 1843 -914,0 -1807192,0 4096
1 1844 -914,0 -1808192,0 4096
1 1845 -917,8 -1809192,0 4096
1 1846 -917,8 -1810192,0 4096
1 1847 -902,2 -1810416,0 4096
1 1848 -902,2 -1811416,0 4096
1 1849 -902,2 -1812416,0 4096
1 1850 -902,2 -1813416,0 4096
1 1851 -898,9 -1813999,0 4096
1 1852 -899,3 -1815019,0 4096
1 1853 -899,3 -1816019,0 4096
1 1854 -899,3 -1817019,0 4096
1 1855 -899,3 -1818019,0 4096
1 1856 -889,0 -1818504,0 4096
1 1857 -882,7 -1818983,0 4096
1 1858 -882,7 -1819983,0 4096
1 1859 -882,4 -1820969,0 4096
1 1860 -882,4 -1821969,0 4096
1 1861 -882,0 -1822969,0 4096
1 1862 -882,0 -1823969,0 4096
1 1863 -894,6 -1824969,0 4096
1 1864 -895,0 -1825989,0 4096
1 1865 -895,0 -1826989,0 4096
1 1866 -892,5 -1827863,0 4096
1 1867 -892,5 -1828863,0 4096
1 1868 -892,1 -1829863,0 4096
1 1869 -892,1 -1830863,0 4096
1 1870 -892,1 -1831863,0 4096
1 1871 -892,1 -1832863,0 4096
1 1872 -888,6 -1833687,0 4096
1 1873 -889,0 -1834707,0 4096
1 1874 -889,8 -1835707,0 4096
1 1875 -900,0 -1836707,0 4096
1 1876 -903,4 -1837707,0 4096
1 1877 -903,4 -1838707,0 4096
1 1878 -903,4 -1839707,0 4096
1 1879 -903,4 -1840707,0 4096
1 1880 -903,4 -1841707,0 4096
1 1881 -903,4 -1842707,0 4096
1 1882 -912,4 -1843577,0 4096
1 1883 -912,4 -1844577,0 4096
1 1884 -912,4 -1845577,0 4096
1 1885 -912,0 -1846577,0 4096
1 1886 -914,7 -1847577,0 4096
1 1887 -914,7 -1848577,0 4096
1 1888 -914,7 -1849577,0 4096
1 1889 -922,5 -1850577,0 4096
1 1890 -922,5 -1851577,0 4096
1 1891 -923,5 -1852220,0 4096
1 1892 -925,4 -1852846,0 4096
1 1893 -933,1 -1853846,0 4096
1 1894 -933,5 -1854866,0 4096
1 1895 -933,5 -1855866,0 4096
1 1896 -933,5 -1856866,0 4096
1 1897 -946,8 -1857757,0 4096
1 1898 -946,8 -1858757,0 4096
1 1899 -931,5 -1858990,0 4096
1 1900 -931,5 -1859990,0 4096
1 1901 -937,1 -1860856,0 4096
1 1902 -936,7 -1861856,0 4096
1 1903 -936,7 -1862856,0 4096
1 1904 -936,1 -1863822,0 4096
1 1905 -936,1 -1864822,0 4096
1 1906 -946,4 -1865822,0 4096
1 1907 -957,2 -1866842,0 4096
1 1908 -957,2 -1867842,0 4096
1 1909 -957,5 -1868842,0 4096
1 1910 -957,5 -1869842,0 4096
1 1911 -953,4 -1870639,0 4096
1 1912 -954,2 -1871679,0 4096
1 1913 -942,7 -1872103,0 4096
1 1914 -933,3 -1872652,0 4096
1 1915 -933,3 -1873652,0 4096
1 1916 -935,8 -1874652,0 4096
1 1917 -935,8 -1875652,0 4096
1 1918 -930,9 -1876409,0 4096
1 1919 -930,9 -1877409,0 4096
1 1920 -930,9 -1878409,0 4096
1 1921 -918,1 -1878770,0 4096
1 1922 -921,7 -1879770,0 4096
1 1923 -921,3 -1880770,0 4096
1 1924 -921,3 -1881770,0 4096
1 1925 -921,3 -1882770,0 4096
1 1926 -921,3 -1883770,0 4096
1 1927 -921,3 -1884770,0 4096
1 1928 -921,3 -1885770,0 4096
1 1929 -921,3 -1886770,0 4096
1 1930 -921,3 -1887770,0 4096
1 1931 -921,7 -1888790,0 4096
1 1932 -924,3 -1889790,0 4096
1 1933 -924,3 -1890790,0 4096
1 1934 -924,3 -1891790,0 4096
1 1935 -924,3 -1892790,0 4096
1 1936 -922,6 -1893708,0 4096
1 1937 -922,6 -1894708,0 4096
1 1938 -918,5 -1895501,0 4096
1 1939 -901,0 -1895629,0 4096
1 1940 -899,7 -1896561,0 4096
1 1941 -906,8 -1897561,0 4096
1 1942 -914,3 -1898561,0 4096
1 1943 -901,1 -1898899,0 4096
1 1944 -900,7 -1899899,0 4096
1 1945 -900,7 -1900899,0 4096
1 1946 -897,5 -1901740,0 4096
1 1947 -899,7 -1902740,0 4096
1 1948 -900,1 -1903760,0 4096
1 1949 -915,4 -1904760,0 4096
1 1950 -915,8 -1905780,0 4096
1 1951 -918,5 -1906780,0 4096
1 1952 -918,0 -1907754,0 4096
1 1953 -918,0 -1908754,0 4096
1 1954 -919,0 -1909774,0 4096
1 1955 -919,0 -1910774,0 4096
1 1956 -919,0 -1911774,0 4096
1 1957 -918,6 -1912774,0 4096
1 1958 -918,6 -1913774,0 4096
1 1959 -917,2 -1914703,0 4096
1 1960 -917,2 -1915703,0 4096
1 1961 -919,2 -1916597,0 4096
1 1962 -918,4 -1917597,0 4096
1 1963 -919,9 -1918098,0 4096
1 1964 -928,9 -1919098,0 4096
1 1965 -928,9 -1920098,0 4096
1 1966 -928,9 -1921098,0 4096
1 1967 -928,9 -1922098,0 4096
1 1968 -933,8 -1923098,0 4096
1 1969 -931,6 -1923988,0 4096
1 1970 -931,6 -1924988,0 4096
1 1971 -931,6 -1925350,0 4096
1 1972 -931,6 -1926350,0 4096
1 1973 -924,4 -1926988,0 4096
1 1974 -924,4 -1927988,0 4096
1 1975 -925,2 -1929028,0 4096
1 1976 -925,2 -1930028,0 4096
1 1977 -925,2 -1931028,0 4096
1 1978 -925,2 -1932028,0 4096
1 1979 -925,2 -1933028,0 4096
1 1980 -925,2 -1934028,0 4096
1 1981 -913,2 -1934451,0 4096
1 1982 -913,2 -1935451,0 4096
1 1983 -913,2 -1936451,0 4096
1 1984 -913,2 -1937451,0 4096
1 1985 -913,2 -1938451,0 4096
1 1986 -914,9 -1939451,0 4096
1 1987 -901,5 -1939784,0 4096
1 1988 -905,7 -1940784,0 4096
1 1989 -923,1 -1941784,0 4096
1 1990 -924,5 -1942784,0 4096
1 1991 -924,5 -1943784,0 4096
1 1992 -924,5 -1944784,0 4096
1 1993 -937,4 -1945771,0 4096
1 1994 -937,4 -1946771,0 4096
1 1995 -937,4 -1947771,0 4096
1 1996 -940,6 -1948771,0 4096
1 1997 -940,6 -1949771,0 4096
1 1998 -940,2 -1950771,0 4096
1 1999 -940,2 -1951771,0 4096
1 2000 -939,8 -1952771,0 4096

