1 1 -2500
1 2 -2500
1 3 -2500
1 4 -2500
1 5 -2500
1 6 -2500
1 7 -2500
1 8 -2500
1 9 -2500
1 10 -2500
1 11 -2500
1 12 -2500
1 13 -2500
1 14 -2500
1 15 -2500
1 16 -2500
1 17 -2500
1 18 -2500
1 19 -2500
1 20 -2500
1 21 -2500
1 22 -2500
1 23 -2500
1 24 -2500
1 25 -2500
1 26 -2500
1 27 -2500
1 28 -2500
1 29 -2500
1 30 -2500
1 31 -2500
1 32 -2500
1 33 -2500
1 34 -2500
1 35 -2500
1 36 -2500
1 37 -2500
1 38 -2500
1 39 -2500
1 40 -2500
1 41 -2500
1 42 -2500
1 43 -2500
1 44 -2500
1 45 -2500
1 46 -2500
1 47 -2500
1 48 -2500
1 49 -2500
1 50 -2500
1 51 -2500
1 52 -2500
1 53 -2500
1 54 -2500
1 55 -2500
1 56 -2500
1 57 -2500
1 58 -2500
1 59 -2500
1 60 -2500
1 61 -2500
1 62 -2500
1 63 -2500
1 64 -2500
1 65 -2500
1 66 -2500
1 67 -2500
1 68 -2500
1 69 -2500
1 70 -2500
1 71 -2500
1 72 -2500
1 73 -2500
1 74 -2500
1 75 -2500
1 76 -2500
1 77 -2500
1 78 -2500
1 79 -2500
1 80 -2500
1 81 -2500
1 82 -2500
1 83 -2500
1 84 -2500
1 85 -2500
1 86 -2500
1 87 -2500
1 88 -2500
1 89 -2500
1 90 -2500
1 91 -2500
1 92 -2500
1 93 -2500
1 94 -2500
1 95 -2500
1 96 -2500
1 97 -2500
1 98 -2500
1 99 -2500
1 100 -2500
1 101 -2500
1 102 -2500
1 103 -2500
1 104 -2500
1 105 -2500
1 106 -2500
1 107 -2500
1 108 -2500
1 109 -2500
1 110 -2500
1 111 -2500
1 112 -2500
1 113 -2500
1 114 -2500
1 115 -2500
1 116 -2500
1 117 -2500
1 118 -2500
1 119 -2500
1 120 -2500
1 121 -2500
1 122 -2500
1 123 -2500
1 124 -2500
1 125 -2500
1 126 -2500
1 127 -2500
1 128 -2500
1 129 -2500
1 130 -2500
1 131 -2500
1 132 -2500
1 133 -2500
1 134 -2500
1 135 -2500
1 136 -2500
1 137 -2500
1 138 -2500
1 139 -2500
1 140 -2500
1 141 -2500
1 142 -2481
1 143 -2481
1 144 -2481
1 145 -2481
1 146 -2481
1 147 -2481
1 148 -2481
1 149 -2481
1 150 -2481
1 151 -2481
1 152 -2481
1 153 -2481
1 154 -2481
1 155 -2481
1 156 -2481
1 157 -2481
1 158 -2481
1 159 -2481
1 160 -2481
1 161 -2481
1 162 -2481
1 163 -2481
1 164 -2481
1 165 -2481
1 166 -2481
1 167 -2481
1 168 -2481
1 169 -2481
1 170 -2481
1 171 -2481
1 172 -2481
1 173 -2481
1 174 -2481
1 175 -2481
1 176 -2481
1 177 -2481
1 178 -2481
1 179 -2481
1 180 -2481
1 181 -2481
1 182 -2481
1 183 -2481
1 184 -2468
1 185 -2468
1 186 -2468
1 187 -2468
1 188 -2468
1 189 -2468
1 190 -2468
1 191 -2468
1 192 -2486
1 193 -2486
1 194 -2486
1 195 -2486
1 196 -2486
1 197 -2486
1 198 -2486
1 199 -2486
1 200 -2486
1 201 -2486
1 202 -2486
1 203 -2486
1 204 -2486
1 205 -2486
1 206 -2486
1 207 -2486
1 208 -2486
1 209 -2486
1 210 -2486
1 211 -2486
1 212 -2486
1 213 -2486
1 214 -2486
1 215 -2486
1 216 -2486
1 217 -2486
1 218 -2486
1 219 -2486
1 220 -2486
1 221 -2486
1 222 -2486
1 223 -2486
1 224 -2486
1 225 -2486
1 226 -2486
1 227 -2486
1 228 -2486
1 229 -2486
1 230 -2486
1 231 -2486
1 232 -2486
1 233 -2486
1 234 -2500
1 235 -2500
1 236 -2500
1 237 -2500
1 238 -2500
1 239 -2500
1 240 -2500
1 241 -2500
1 242 -2500
1 243 -2500
1 244 -2500
1 245 -2500
1 246 -2500
1 247 -2500
1 248 -2500
1 249 -2500
1 250 -2500
1 251 -2500
1 252 -2500
1 253 -2500
1 254 -2500
1 255 -2500
1 256 -2500
1 257 -2500
1 258 -2500
1 259 -2500
1 260 -2500
1 261 -2500
1 262 -2500
1 263 -2500
1 264 -2500
1 265 -2500
1 266 -2500
1 267 -2500
1 268 -2500
1 269 -2500
1 270 -2500
1 271 -2500
1 272 -2500
1 273 -2500
1 274 -2500
1 275 -2500
1 276 -2500
1 277 -2500
1 278 -2500
1 279 -2500
1 280 -2500
1 281 -2500
1 282 -2500
1 283 -2500
1 284 -2500
1 285 -2500
1 286 -2500
1 287 -2500
1 288 -2500
1 289 -2500
1 290 -2500
1 291 -2500
1 292 -2500
1 293 -2500
1 294 -2500
1 295 -2500
1 296 -2500
1 297 -2500
1 298 -2500
1 299 -2500
1 300 -2500
1 301 -2500
1 302 -2500
1 303 -2500
1 304 -2500
1 305 -2500
1 306 -2500
1 307 -2500
1 308 -2500
1 309 -2500
1 310 -2500
1 311 -2500
1 312 -2500
1 313 -2500
1 314 -2500
1 315 -2500
1 316 -2500
1 317 -2500
1 318 -2500
1 319 -2500
1 320 -2500
1 321 -2500
1 322 -2500
1 323 -2500
1 324 -2500
1 325 -2500
1 326 -2500
1 327 -2500
1 328 -2500
1 329 -2500
1 330 -2500
1 331 -2500
1 332 -2500
1 333 -2500
1 334 -2500
1 335 -2500
1 336 -2500
1 337 -2500
1 338 -2500
1 339 -2500
1 340 -2500
1 341 -2500
1 342 -2500
1 343 -2500
1 344 -2500
1 345 -2500
1 346 -2500
1 347 -2500
1 348 -2500
1 349 -2500
1 350 -2500
1 351 -2500
1 352 -2500
1 353 -2500
1 354 -2500
1 355 -2500
1 356 -2500
1 357 -2500
1 358 -2500
1 359 -2500
1 360 -2500
1 361 -2500
1 362 -2500
1 363 -2500
1 364 -2500
1 365 -2500
1 366 -2500
1 367 -2500
1 368 -2500
1 369 -2500
1 370 -2500
1 371 -2500
1 372 -2500
1 373 -2500
1 374 -2500
1 375 -2500
1 376 -2500
1 377 -2500
1 378 -2500
1 379 -2500
1 380 -2500
1 381 -2500
1 382 -2500
1 383 -2500
1 384 -2500
1 385 -2500
1 386 -2500
1 387 -2500
1 388 -2500
1 389 -2500
1 390 -2500
1 391 -2500
1 392 -2500
1 393 -2500
1 394 -2500
1 395 -2500
1 396 -2500
1 397 -2500
1 398 -2500
1 399 -2500
1 400 -2500
1 401 -2500
1 402 -2500
1 403 -2500
1 404 -2500
1 405 -2500
1 406 -2500
1 407 -2500
1 408 -2500
1 409 -2500
1 410 -2500
1 411 -2500
1 412 -2500
1 413 -2500
1 414 -2500
1 415 -2500
1 416 -2500
1 417 -2500
1 418 -2500
1 419 -2488
1 420 -2488
1 421 -2488
1 422 -2488
1 423 -2488
1 424 -2488
1 425 -2488
1 426 -2488
1 427 -2488
1 428 -2488
1 429 -2488
1 430 -2488
1 431 -2488
1 432 -2488
1 433 -2488
1 434 -2488
1 435 -2488
1 436 -2488
1 437 -2488
1 438 -2488
1 439 -2488
1 440 -2488
1 441 -2488
1 442 -2488
1 443 -2488
1 444 -2488
1 445 -2488
1 446 -2488
1 447 -2488
1 448 -2488
1 449 -2488
1 450 -2488
1 451 -2488
1 452 -2488
1 453 -2488
1 454 -2488
1 455 -2488
1 456 -2488
1 457 -2488
1 458 -2488
1 459 -2488
1 460 -2488
1 461 -2488
1 462 -2488
1 463 -2488
1 464 -2488
1 465 -2488
1 466 -2488
1 467 -2488
1 468 -2488
1 469 -2500
1 470 -2500
1 471 -2500
1 472 -2500
1 473 -2500
1 474 -2500
1 475 -2500
1 476 -2500
1 477 -2500
1 478 -2500
1 479 -2497
1 480 -2497
1 481 -2497
1 482 -2497
1 483 -2497
1 484 -2497
1 485 -2497
1 486 -2497
1 487 -2497
1 488 -2497
1 489 -2497
1 490 -2497
1 491 -2497
1 492 -2497
1 493 -2497
1 494 -2497
1 495 -2497
1 496 -2497
1 497 -2497
1 498 -2497
1 499 -2497
1 500 -2497
1 501 -2497
1 502 -2497
1 503 -2497
1 504 -2497
1 505 -2497
1 506 -2497
1 507 -2497
1 508 -2497
1 509 -2497
1 510 -2497
1 511 -2497
1 512 -2497
1 513 -2497
1 514 -2497
1 515 -2497
1 516 -2497
1 517 -2497
1 518 -2497
1 519 -2497
1 520 -2497
1 521 -2497
1 522 -2497
1 523 -2497
1 524 -2497
1 525 -2497
1 526 -2497
1 527 -2497
1 528 -2497
1 529 -2500
1 530 -2500
1 531 -2500
1 532 -2500
1 533 -2500
1 534 -2500
1 535 -2500
1 536 -2500
1 537 -2500
1 538 -2500
1 539 -2500
1 540 -2500
1 541 -2500
1 542 -2500
1 543 -2485
1 544 -2462
1 545 -2462
1 546 -2462
1 547 -2462
1 548 -2462
1 549 -2462
1 550 -2462
1 551 -2462
1 552 -2462
1 553 -2462
1 554 -2462
1 555 -2462
1 556 -2462
1 557 -2462
1 558 -2462
1 559 -2462
1 560 -2462
1 561 -2462
1 562 -2462
1 563 -2462
1 564 -2462
1 565 -2462
1 566 -2462
1 567 -2462
1 568 -2462
1 569 -2462
1 570 -2462
1 571 -2462
1 572 -2462
1 573 -2462
1 574 -2462
1 575 -2462
1 576 -2462
1 577 -2462
1 578 -2462
1 579 -2462
1 580 -2462
1 581 -2462
1 582 -2462
1 583 -2462
1 584 -2462
1 585 -2462
1 586 -2462
1 587 -2462
1 588 -2462
1 589 -2462
1 590 -2462
1 591 -2462
1 592 -2462
1 593 -2476
1 594 -2500
1 595 -2500
1 596 -2500
1 597 -2500
1 598 -2500
1 599 -2500
1 600 -2500
1 601 -2500
1 602 -2500
1 603 -2500
1 604 -2500
1 605 -2500
1 606 -2500
1 607 -2499
1 608 -2499
1 609 -2499
1 610 -2499
1 611 -2499
1 612 -2488
1 613 -2488
1 614 -2488
1 615 -2488
1 616 -2488
1 617 -2488
1 618 -2488
1 619 -2488
1 620 -2488
1 621 -2488
1 622 -2488
1 623 -2488
1 624 -2488
1 625 -2488
1 626 -2488
1 627 -2488
1 628 -2488
1 629 -2488
1 630 -2488
1 631 -2488
1 632 -2488
1 633 -2488
1 634 -2488
1 635 -2488
1 636 -2488
1 637 -2488
1 638 -2488
1 639 -2488
1 640 -2488
1 641 -2488
1 642 -2488
1 643 -2488
1 644 -2488
1 645 -2488
1 646 -2488
1 647 -2488
1 648 -2488
1 649 -2488
1 650 -2488
1 651 -2488
1 652 -2476
1 653 -2476
1 654 -2476
1 655 -2476
1 656 -2476
1 657 -2477
1 658 -2477
1 659 -2477
1 660 -2477
1 661 -2477
1 662 -2488
1 663 -2488
1 664 -2488
1 665 -2488
1 666 -2488
1 667 -2488
1 668 -2488
1 669 -2488
1 670 -2488
1 671 -2488
1 672 -2488
1 673 -2488
1 674 -2488
1 675 -2488
1 676 -2488
1 677 -2488
1 678 -2488
1 679 -2488
1 680 -2488
1 681 -2488
1 682 -2488
1 683 -2488
1 684 -2488
1 685 -2488
1 686 -2488
1 687 -2488
1 688 -2488
1 689 -2488
1 690 -2488
1 691 -2488
1 692 -2488
1 693 -2488
1 694 -2488
1 695 -2488
1 696 -2488
1 697 -2488
1 698 -2488
1 699 -2488
1 700 -2488
1 701 -2488
1 702 -2500
1 703 -2500
1 704 -2500
1 705 -2500
1 706 -2500
1 707 -2500
1 708 -2500
1 709 -2500
1 710 -2500
1 711 -2500
1 712 -2500
1 713 -2500
1 714 -2500
1 715 -2500
1 716 -2500
1 717 -2500
1 718 -2500
1 719 -2500
1 720 -2500
1 721 -2500
1 722 -2500
1 723 -2500
1 724 -2500
1 725 -2500
1 726 -2500
1 727 -2500
1 728 -2500
1 729 -2500
1 730 -2500
1 731 -2500
1 732 -2500
1 733 -2500
1 734 -2500
1 735 -2500
1 736 -2500
1 737 -2482
1 738 -2482
1 739 -2482
1 740 -2482
1 741 -2482
1 742 -2482
1 743 -2482
1 744 -2482
1 745 -2482
1 746 -2482
1 747 -2482
1 748 -2482
1 749 -2482
1 750 -2482
1 751 -2482
1 752 -2482
1 753 -2482
1 754 -2482
1 755 -2482
1 756 -2482
1 757 -2482
1 758 -2482
1 759 -2482
1 760 -2482
1 761 -2472
1 762 -2472
1 763 -2472
1 764 -2472
1 765 -2472
1 766 -2472
1 767 -2472
1 768 -2472
1 769 -2472
1 770 -2472
1 771 -2472
1 772 -2472
1 773 -2472
1 774 -2472
1 775 -2472
1 776 -2472
1 777 -2472
1 778 -2472
1 779 -2472
1 780 -2472
1 781 -2472
1 782 -2472
1 783 -2472
1 784 -2472
1 785 -2472
1 786 -2472
1 787 -2490
1 788 -2490
1 789 -2490
1 790 -2490
1 791 -2490
1 792 -2490
1 793 -2490
1 794 -2490
1 795 -2490
1 796 -2490
1 797 -2490
1 798 -2490
1 799 -2490
1 800 -2490
1 801 -2490
1 802 -2490
1 803 -2490
1 804 -2490
1 805 -2490
1 806 -2490
1 807 -2490
1 808 -2490
1 809 -2490
1 810 -2490
1 811 -2500
1 812 -2500
1 813 -2500
1 814 -2500
1 815 -2500
1 816 -2500
1 817 -2500
1 818 -2500
1 819 -2500
1 820 -2500
1 821 -2500
1 822 -2500
1 823 -2500
1 824 -2500
1 825 -2500
1 826 -2500
1 827 -2500
1 828 -2500
1 829 -2500
1 830 -2500
1 831 -2500
1 832 -2500
1 833 -2500
1 834 -2500
1 835 -2500
1 836 -2500
1 837 -2500
1 838 -2500
1 839 -2500
1 840 -2500
1 841 -2500
1 842 -2500
1 843 -2500
1 844 -2500
1 845 -2500
1 846 -2500
1 847 -2500
1 848 -2500
1 849 -2500
1 850 -2500
1 851 -2500
1 852 -2500
1 853 -2500
1 854 -2500
1 855 -2500
1 856 -2500
1 857 -2500
1 858 -2500
1 859 -2500
1 860 -2500
1 861 -2500
1 862 -2500
1 863 -2500
1 864 -2500
1 865 -2500
1 866 -2500
1 867 -2500
1 868 -2500
1 869 -2500
1 870 -2500
1 871 -2500
1 872 -2500
1 873 -2500
1 874 -2500
1 875 -2500
1 876 -2500
1 877 -2500
1 878 -2500
1 879 -2500
1 880 -2500
1 881 -2500
1 882 -2500
1 883 -2500
1 884 -2500
1 885 -2500
1 886 -2500
1 887 -2500
1 888 -2500
1 889 -2500
1 890 -2500
1 891 -2500
1 892 -2500
1 893 -2500
1 894 -2500
1 895 -2500
1 896 -2500
1 897 -2500
1 898 -2500
1 899 -2500
1 900 -2500
1 901 -2500
1 902 -2500
1 903 -2500
1 904 -2500
1 905 -2500
1 906 -2500
1 907 -2500
1 908 -2500
1 909 -2500
1 910 -2500
1 911 -2500
1 912 -2500
1 913 -2500
1 914 -2500
1 915 -2500
1 916 -2500
1 917 -2500
1 918 -2500
1 919 -2500
1 920 -2500
1 921 -2500
1 922 -2500
1 923 -2500
1 924 -2500
1 925 -2500
1 926 -2500
1 927 -2500
1 928 -2500
1 929 -2500
1 930 -2500
1 931 -2500
1 932 -2500
1 933 -2500
1 934 -2500
1 935 -2500
1 936 -2500
1 937 -2500
1 938 -2500
1 939 -2500
1 940 -2500
1 941 -2500
1 942 -2500
1 943 -2500
1 944 -2500
1 945 -2500
1 946 -2500
1 947 -2500
1 948 -2500
1 949 -2500
1 950 -2500
1 951 -2500
1 952 -2500
1 953 -2500
1 954 -2500
1 955 -2500
1 956 -2500
1 957 -2500
1 958 -2500
1 959 -2500
1 960 -2500
1 961 -2500
1 962 -2500
1 963 -2500
1 964 -2500
1 965 -2500
1 966 -2500
1 967 -2500
1 968 -2500
1 969 -2500
1 970 -2500
1 971 -2500
1 972 -2500
1 973 -2500
1 974 -2500
1 975 -2500
1 976 -2500
1 977 -2500
1 978 -2500
1 979 -2500
1 980 -2500
1 981 -2500
1 982 -2500
1 983 -2500
1 984 -2500
1 985 -2500
1 986 -2500
1 987 -2500
1 988 -2500
1 989 -2500
1 990 -2500
1 991 -2500
1 992 -2500
1 993 -2500
1 994 -2500
1 995 -2500
1 996 -2500
1 997 -2500
1 998 -2500
1 999 -2500
1 1000 -2500
1 1001 -2500
1 1002 -2500
1 1003 -2500
1 1004 -2500
1 1005 -2500
1 1006 -2500
1 1007 -2500
1 1008 -2500
1 1009 -2500
1 1010 -2500
1 1011 -2500
1 1012 -2500
1 1013 -2500
1 1014 -2500
1 1015 -2500
1 1016 -2500
1 1017 -2500
1 1018 -2500
1 1019 -2500
1 1020 -2500
1 1021 -2500
1 1022 -2500
1 1023 -2500
1 1024 -2500
1 1025 -2500
1 1026 -2500
1 1027 -2500
1 1028 -2500
1 1029 -2500
1 1030 -2500
1 1031 -2500
1 1032 -2500
1 1033 -2500
1 1034 -2500
1 1035 -2500
1 1036 -2500
1 1037 -2500
1 1038 -2500
1 1039 -2500
1 1040 -2500
1 1041 -2500
1 1042 -2500
1 1043 -2500
1 1044 -2500
1 1045 -2500
1 1046 -2500
1 1047 -2500
1 1048 -2500
1 1049 -2500
1 1050 -2500
1 1051 -2500
1 1052 -2500
1 1053 -2500
1 1054 -2500
1 1055 -2500
1 1056 -2500
1 1057 -2500
1 1058 -2500
1 1059 -2500
1 1060 -2500
1 1061 -2500
1 1062 -2500
1 1063 -2500
1 1064 -2500
1 1065 -2500
1 1066 -2500
1 1067 -2500
1 1068 -2500
1 1069 -2500
1 1070 -2500
1 1071 -2500
1 1072 -2500
1 1073 -2500
1 1074 -2500
1 1075 -2500
1 1076 -2500
1 1077 -2467
1 1078 -2467
1 1079 -2467
1 1080 -2467
1 1081 -2467
1 1082 -2467
1 1083 -2467
1 1084 -2467
1 1085 -2467
1 1086 -2467
1 1087 -2467
1 1088 -2467
1 1089 -2467
1 1090 -2467
1 1091 -2467
1 1092 -2467
1 1093 -2467
1 1094 -2467
1 1095 -2467
1 1096 -2467
1 1097 -2467
1 1098 -2467
1 1099 -2467
1 1100 -2467
1 1101 -2467
1 1102 -2467
1 1103 -2467
1 1104 -2467
1 1105 -2467
1 1106 -2467
1 1107 -2467
1 1108 -2467
1 1109 -2467
1 1110 -2467
1 1111 -2467
1 1112 -2467
1 1113 -2467
1 1114 -2467
1 1115 -2467
1 1116 -2467
1 1117 -2467
1 1118 -2467
1 1119 -2467
1 1120 -2467
1 1121 -2467
1 1122 -2467
1 1123 -2467
1 1124 -2467
1 1125 -2461
1 1126 -2461
1 1127 -2493
1 1128 -2493
1 1129 -2493
1 1130 -2493
1 1131 -2493
1 1132 -2493
1 1133 -2493
1 1134 -2493
1 1135 -2493
1 1136 -2493
1 1137 -2493
1 1138 -2493
1 1139 -2493
1 1140 -2493
1 1141 -2493
1 1142 -2493
1 1143 -2493
1 1144 -2493
1 1145 -2493
1 1146 -2493
1 1147 -2493
1 1148 -2493
1 1149 -2493
1 1150 -2493
1 1151 -2493
1 1152 -2493
1 1153 -2479
1 1154 -2479
1 1155 -2479
1 1156 -2479
1 1157 -2479
1 1158 -2479
1 1159 -2479
1 1160 -2479
1 1161 -2479
1 1162 -2479
1 1163 -2479
1 1164 -2479
1 1165 -2479
1 1166 -2479
1 1167 -2479
1 1168 -2479
1 1169 -2479
1 1170 -2479
1 1171 -2479
1 1172 -2479
1 1173 -2479
1 1174 -2479
1 1175 -2485
1 1176 -2485
1 1177 -2485
1 1178 -2485
1 1179 -2485
1 1180 -2485
1 1181 -2485
1 1182 -2485
1 1183 -2485
1 1184 -2485
1 1185 -2485
1 1186 -2485
1 1187 -2485
1 1188 -2485
1 1189 -2485
1 1190 -2485
1 1191 -2485
1 1192 -2485
1 1193 -2485
1 1194 -2485
1 1195 -2485
1 1196 -2485
1 1197 -2485
1 1198 -2485
1 1199 -2485
1 1200 -2485
1 1201 -2485
1 1202 -2485
1 1203 -2500
1 1204 -2500
1 1205 -2500
1 1206 -2500
1 1207 -2500
1 1208 -2500
1 1209 -2500
1 1210 -2500
1 1211 -2500
1 1212 -2500
1 1213 -2500
1 1214 -2500
1 1215 -2500
1 1216 -2500
1 1217 -2500
1 1218 -2500
1 1219 -2500
1 1220 -2500
1 1221 -2500
1 1222 -2500
1 1223 -2486
1 1224 -2486
1 1225 -2486
1 1226 -2486
1 1227 -2486
1 1228 -2486
1 1229 -2486
1 1230 -2486
1 1231 -2486
1 1232 -2486
1 1233 -2486
1 1234 -2486
1 1235 -2486
1 1236 -2486
1 1237 -2486
1 1238 -2486
1 1239 -2486
1 1240 -2486
1 1241 -2486
1 1242 -2486
1 1243 -2486
1 1244 -2486
1 1245 -2486
1 1246 -2486
1 1247 -2486
1 1248 -2486
1 1249 -2486
1 1250 -2486
1 1251 -2486
1 1252 -2486
1 1253 -2486
1 1254 -2486
1 1255 -2486
1 1256 -2486
1 1257 -2486
1 1258 -2486
1 1259 -2486
1 1260 -2486
1 1261 -2486
1 1262 -2486
1 1263 -2486
1 1264 -2486
1 1265 -2486
1 1266 -2486
1 1267 -2486
1 1268 -2486
1 1269 -2486
1 1270 -2486
1 1271 -2486
1 1272 -2486
1 1273 -2500
1 1274 -2500
1 1275 -2500
1 1276 -2500
1 1277 -2500
1 1278 -2500
1 1279 -2500
1 1280 -2500
1 1281 -2500
1 1282 -2500
1 1283 -2500
1 1284 -2500
1 1285 -2500
1 1286 -2500
1 1287 -2478
1 1288 -2478
1 1289 -2478
1 1290 -2478
1 1291 -2478
1 1292 -2478
1 1293 -2478
1 1294 -2478
1 1295 -2478
1 1296 -2478
1 1297 -2478
1 1298 -2478
1 1299 -2478
1 1300 -2478
1 1301 -2478
1 1302 -2478
1 1303 -2478
1 1304 -2478
1 1305 -2478
1 1306 -2478
1 1307 -2478
1 1308 -2478
1 1309 -2478
1 1310 -2478
1 1311 -2478
1 1312 -2478
1 1313 -2478
1 1314 -2478
1 1315 -2478
1 1316 -2478
1 1317 -2478
1 1318 -2478
1 1319 -2478
1 1320 -2478
1 1321 -2478
1 1322 -2478
1 1323 -2478
1 1324 -2478
1 1325 -2478
1 1326 -2478
1 1327 -2478
1 1328 -2478
1 1329 -2478
1 1330 -2478
1 1331 -2478
1 1332 -2478
1 1333 -2478
1 1334 -2478
1 1335 -2478
1 1336 -2478
1 1337 -2500
1 1338 -2500
1 1339 -2500
1 1340 -2500
1 1341 -2500
1 1342 -2500
1 1343 -2500
1 1344 -2500
1 1345 -2500
1 1346 -2500
1 1347 -2500
1 1348 -2500
1 1349 -2500
1 1350 -2500
1 1351 -2500
1 1352 -2500
1 1353 -2500
1 1354 -2500
1 1355 -2500
1 1356 -2495
1 1357 -2495
1 1358 -2495
1 1359 -2495
1 1360 -2495
1 1361 -2495
1 1362 -2495
1 1363 -2495
1 1364 -2495
1 1365 -2495
1 1366 -2495
1 1367 -2495
1 1368 -2495
1 1369 -2495
1 1370 -2495
1 1371 -2495
1 1372 -2495
1 1373 -2495
1 1374 -2495
1 1375 -2495
1 1376 -2495
1 1377 -2495
1 1378 -2495
1 1379 -2495
1 1380 -2495
1 1381 -2495
1 1382 -2495
1 1383 -2495
1 1384 -2495
1 1385 -2495
1 1386 -2495
1 1387 -2495
1 1388 -2495
1 1389 -2495
1 1390 -2495
1 1391 -2495
1 1392 -2495
1 1393 -2495
1 1394 -2495
1 1395 -2495
1 1396 -2495
1 1397 -2495
1 1398 -2495
1 1399 -2495
1 1400 -2495
1 1401 -2495
1 1402 -2495
1 1403 -2495
1 1404 -2495
1 1405 -2495
1 1406 -2500
1 1407 -2500
1 1408 -2500
1 1409 -2500
1 1410 -2500
1 1411 -2500
1 1412 -2500
1 1413 -2500
1 1414 -2500
1 1415 -2500
1 1416 -2500
1 1417 -2500
1 1418 -2500
1 1419 -2500
1 1420 -2500
1 1421 -2500
1 1422 -2500
1 1423 -2500
1 1424 -2500
1 1425 -2500
1 1426 -2500
1 1427 -2500
1 1428 -2500
1 1429 -2500
1 1430 -2500
1 1431 -2500
1 1432 -2500
1 1433 -2500
1 1434 -2500
1 1435 -2500
1 1436 -2500
1 1437 -2500
1 1438 -2500
1 1439 -2500
1 1440 -2500
1 1441 -2500
1 1442 -2500
1 1443 -2500
1 1444 -2500
1 1445 -2500
1 1446 -2500
1 1447 -2500
1 1448 -2500
1 1449 -2500
1 1450 -2500
1 1451 -2500
1 1452 -2500
1 1453 -2500
1 1454 -2500
1 1455 -2500
1 1456 -2500
1 1457 -2500
1 1458 -2500
1 1459 -2500
1 1460 -2500
1 1461 -2500
1 1462 -2500
1 1463 -2500
1 1464 -2500
1 1465 -2500
1 1466 -2500
1 1467 -2500
1 1468 -2500
1 1469 -2500
1 1470 -2500
1 1471 -2500
1 1472 -2500
1 1473 -2500
1 1474 -2500
1 1475 -2498
1 1476 -2498
1 1477 -2498
1 1478 -2498
1 1479 -2498
1 1480 -2496
1 1481 -2496
1 1482 -2496
1 1483 -2496
1 1484 -2496
1 1485 -2496
1 1486 -2496
1 1487 -2481
1 1488 -2481
1 1489 -2481
1 1490 -2481
1 1491 -2481
1 1492 -2481
1 1493 -2481
1 1494 -2481
1 1495 -2481
1 1496 -2481
1 1497 -2481
1 1498 -2481
1 1499 -2481
1 1500 -2481
1 1501 -2481
1 1502 -2481
1 1503 -2481
1 1504 -2481
1 1505 -2481
1 1506 -2481
1 1507 -2481
1 1508 -2481
1 1509 -2481
1 1510 -2481
1 1511 -2481
1 1512 -2481
1 1513 -2481
1 1514 -2481
1 1515 -2481
1 1516 -2481
1 1517 -2481
1 1518 -2481
1 1519 -2481
1 1520 -2481
1 1521 -2481
1 1522 -2481
1 1523 -2481
1 1524 -2481
1 1525 -2483
1 1526 -2483
1 1527 -2483
1 1528 -2483
1 1529 -2483
1 1530 -2484
1 1531 -2484
1 1532 -2484
1 1533 -2484
1 1534 -2484
1 1535 -2484
1 1536 -2484
1 1537 -2500
1 1538 -2500
1 1539 -2500
1 1540 -2500
1 1541 -2500
1 1542 -2500
1 1543 -2500
1 1544 -2500
1 1545 -2500
1 1546 -2500
1 1547 -2500
1 1548 -2500
1 1549 -2500
1 1550 -2500
1 1551 -2500
1 1552 -2500
1 1553 -2500
1 1554 -2500
1 1555 -2500
1 1556 -2500
1 1557 -2500
1 1558 -2500
1 1559 -2500
1 1560 -2500
1 1561 -2500
1 1562 -2500
1 1563 -2500
1 1564 -2500
1 1565 -2500
1 1566 -2500
1 1567 -2500
1 1568 -2500
1 1569 -2500
1 1570 -2500
1 1571 -2500
1 1572 -2500
1 1573 -2500
1 1574 -2500
1 1575 -2500
1 1576 -2500
1 1577 -2500
1 1578 -2494
1 1579 -2494
1 1580 -2494
1 1581 -2494
1 1582 -2494
1 1583 -2494
1 1584 -2494
1 1585 -2494
1 1586 -2494
1 1587 -2494
1 1588 -2494
1 1589 -2494
1 1590 -2494
1 1591 -2494
1 1592 -2494
1 1593 -2494
1 1594 -2494
1 1595 -2494
1 1596 -2494
1 1597 -2494
1 1598 -2494
1 1599 -2494
1 1600 -2494
1 1601 -2494
1 1602 -2494
1 1603 -2494
1 1604 -2494
1 1605 -2494
1 1606 -2494
1 1607 -2494
1 1608 -2494
1 1609 -2494
1 1610 -2494
1 1611 -2494
1 1612 -2494
1 1613 -2494
1 1614 -2494
1 1615 -2494
1 1616 -2494
1 1617 -2494
1 1618 -2494
1 1619 -2494
1 1620 -2494
1 1621 -2494
1 1622 -2494
1 1623 -2494
1 1624 -2494
1 1625 -2494
1 1626 -2494
1 1627 -2494
1 1628 -2500
1 1629 -2500
1 1630 -2500
1 1631 -2500
1 1632 -2500
1 1633 -2500
1 1634 -2500
1 1635 -2500
1 1636 -2500
1 1637 -2500
1 1638 -2500
1 1639 -2500
1 1640 -2500
1 1641 -2500
1 1642 -2500
1 1643 -2500
1 1644 -2500
1 1645 -2500
1 1646 -2500
1 1647 -2500
1 1648 -2500
1 1649 -2500
1 1650 -2500
1 1651 -2500
1 1652 -2500
1 1653 -2500
1 1654 -2500
1 1655 -2500
1 1656 -2500
1 1657 -2500
1 1658 -2500
1 1659 -2500
1 1660 -2500
1 1661 -2500
1 1662 -2500
1 1663 -2500
1 1664 -2500
1 1665 -2500
1 1666 -2500
1 1667 -2500
1 1668 -2500
1 1669 -2500
1 1670 -2500
1 1671 -2500
1 1672 -2500
1 1673 -2500
1 1674 -2500
1 1675 -2500
1 1676 -2500
1 1677 -2500
1 1678 -2500
1 1679 -2500
1 1680 -2500
1 1681 -2500
1 1682 -2500
1 1683 -2500
1 1684 -2484
1 1685 -2484
1 1686 -2484
1 1687 -2484
1 1688 -2484
1 1689 -2484
1 1690 -2484
1 1691 -2484
1 1692 -2484
1 1693 -2484
1 1694 -2484
1 1695 -2484
1 1696 -2484
1 1697 -2484
1 1698 -2484
1 1699 -2484
1 1700 -2484
1 1701 -2484
1 1702 -2484
1 1703 -2484
1 1704 -2484
1 1705 -2484
1 1706 -2484
1 1707 -2483
1 1708 -2483
1 1709 -2483
1 1710 -2483
1 1711 -2483
1 1712 -2483
1 1713 -2483
1 1714 -2483
1 1715 -2483
1 1716 -2483
1 1717 -2483
1 1718 -2483
1 1719 -2483
1 1720 -2483
1 1721 -2483
1 1722 -2483
1 1723 -2483
1 1724 -2483
1 1725 -2483
1 1726 -2463
1 1727 -2463
1 1728 -2463
1 1729 -2463
1 1730 -2463
1 1731 -2463
1 1732 -2463
1 1733 -2463
1 1734 -2479
1 1735 -2479
1 1736 -2479
1 1737 -2479
1 1738 -2479
1 1739 -2479
1 1740 -2479
1 1741 -2479
1 1742 -2479
1 1743 -2479
1 1744 -2479
1 1745 -2479
1 1746 -2479
1 1747 -2479
1 1748 -2479
1 1749 -2479
1 1750 -2479
1 1751 -2479
1 1752 -2479
1 1753 -2479
1 1754 -2479
1 1755 -2479
1 1756 -2479
1 1757 -2480
1 1758 -2480
1 1759 -2480
1 1760 -2480
1 1761 -2480
1 1762 -2480
1 1763 -2480
1 1764 -2475
1 1765 -2475
1 1766 -2475
1 1767 -2475
1 1768 -2475
1 1769 -2475
1 1770 -2475
1 1771 -2475
1 1772 -2475
1 1773 -2475
1 1774 -2475
1 1775 -2475
1 1776 -2495
1 1777 -2495
1 1778 -2495
1 1779 -2495
1 1780 -2495
1 1781 -2495
1 1782 -2495
1 1783 -2495
1 1784 -2495
1 1785 -2495
1 1786 -2495
1 1787 -2495
1 1788 -2495
1 1789 -2495
1 1790 -2495
1 1791 -2495
1 1792 -2495
1 1793 -2495
1 1794 -2495
1 1795 -2495
1 1796 -2495
1 1797 -2495
1 1798 -2495
1 1799 -2495
1 1800 -2495
1 1801 -2495
1 1802 -2495
1 1803 -2495
1 1804 -2495
1 1805 -2495
1 1806 -2495
1 1807 -2495
1 1808 -2495
1 1809 -2495
1 1810 -2495
1 1811 -2495
1 1812 -2495
1 1813 -2495
1 1814 -2500
1 1815 -2500
1 1816 -2500
1 1817 -2500
1 1818 -2500
1 1819 -2500
1 1820 -2500
1 1821 -2500
1 1822 -2500
1 1823 -2500
1 1824 -2500
1 1825 -2500
1 1826 -2500
1 1827 -2500
1 1828 -2500
1 1829 -2500
1 1830 -2500
1 1831 -2500
1 1832 -2500
1 1833 -2500
1 1834 -2500
1 1835 -2500
1 1836 -2500
1 1837 -2500
1 1838 -2500
1 1839 -2500
1 1840 -2500
1 1841 -2500
1 1842 -2500
1 1843 -2500
1 1844 -2500
1 1845 -2500
1 1846 -2500
1 1847 -2500
1 1848 -2500
1 1849 -2500
1 1850 -2500
1 1851 -2500
1 1852 -2500
1 1853 -2500
1 1854 -2500
1 1855 -2500
1 1856 -2500
1 1857 -2500
1 1858 -2500
1 1859 -2500
1 1860 -2500
1 1861 -2500
1 1862 -2500
1 1863 -2500
1 1864 -2500
1 1865 -2500
1 1866 -2500
1 1867 -2500
1 1868 -2500
1 1869 -2500
1 1870 -2500
1 1871 -2500
1 1872 -2500
1 1873 -2500
1 1874 -2488
1 1875 -2488
1 1876 -2488
1 1877 -2488
1 1878 -2488
1 1879 -2488
1 1880 -2488
1 1881 -2488
1 1882 -2488
1 1883 -2488
1 1884 -2488
1 1885 -2488
1 1886 -2488
1 1887 -2488
1 1888 -2488
1 1889 -2488
1 1890 -2488
1 1891 -2488
1 1892 -2488
1 1893 -2488
1 1894 -2488
1 1895 -2488
1 1896 -2488
1 1897 -2488
1 1898 -2488
1 1899 -2488
1 1900 -2488
1 1901 -2488
1 1902 -2488
1 1903 -2488
1 1904 -2488
1 1905 -2488
1 1906 -2488
1 1907 -2488
1 1908 -2488
1 1909 -2488
1 1910 -2488
1 1911 -2488
1 1912 -2488
1 1913 -2488
1 1914 -2488
1 1915 -2488
1 1916 -2488
1 1917 -2488
1 1918 -2488
1 1919 -2488
1 1920 -2488
1 1921 -2488
1 1922 -2488
1 1923 -2488
1 1924 -2500
1 1925 -2500
1 1926 -2500
1 1927 -2500
1 1928 -2500
1 1929 -2500
1 1930 -2500
1 1931 -2500
1 1932 -2500
1 1933 -2500
1 1934 -2500
1 1935 -2500
1 1936 -2500
1 1937 -2500
1 1938 -2500
1 1939 -2500
1 1940 -2500
1 1941 -2500
1 1942 -2500
1 1943 -2476
1 1944 -2476
1 1945 -2476
1 1946 -2476
1 1947 -2476
1 1948 -2476
1 1949 -2476
1 1950 -2476
1 1951 -2476
1 1952 -2476
1 1953 -2476
1 1954 -2476
1 1955 -2476
1 1956 -2476
1 1957 -2476
1 1958 -2476
1 1959 -2467
1 1960 -2467
1 1961 -2467
1 1962 -2467
1 1963 -2467
1 1964 -2467
1 1965 -2467
1 1966 -2467
1 1967 -2467
1 1968 -2467
1 1969 -2467
1 1970 -2467
1 1971 -2467
1 1972 -2455
1 1973 -2455
1 1974 -2455
1 1975 -2455
1 1976 -2455
1 1977 -2455
1 1978 -2455
1 1979 -2455
1 1980 -2455
1 1981 -2455
1 1982 -2455
1 1983 -2455
1 1984 -2455
1 1985 -2455
1 1986 -2455
1 1987 -2455
1 1988 -2455
1 1989 -2455
1 1990 -2455
1 1991 -2455
1 1992 -2455
1 1993 -2478
1 1994 -2478
1 1995 -2478
1 1996 -2478
1 1997 -2478
1 1998 -2478
1 1999 -2478
1 2000 -2478
1 2001 -2478
1 2002 -2478
1 2003 -2478
1 2004 -2478
1 2005 -2478
1 2006 -2478
1 2007 -2478
1 2008 -2478
1 2009 -2487
1 2010 -2487
1 2011 -2487
1 2012 -2487
1 2013 -2487
1 2014 -2487
1 2015 -2487
1 2016 -2487
1 2017 -2487
1 2018 -2487
1 2019 -2487
1 2020 -2487
1 2021 -2487
1 2022 -2485
1 2023 -2483
1 2024 -2483
1 2025 -2483
1 2026 -2483
1 2027 -2483
1 2028 -2483
1 2029 -2483
1 2030 -2483
1 2031 -2483
1 2032 -2483
1 2033 -2483
1 2034 -2483
1 2035 -2483
1 2036 -2483
1 2037 -2483
1 2038 -2483
1 2039 -2483
1 2040 -2483
1 2041 -2483
1 2042 -2483
1 2043 -2483
1 2044 -2483
1 2045 -2483
1 2046 -2483
1 2047 -2483
1 2048 -2483
1 2049 -2483
1 2050 -2483
1 2051 -2483
1 2052 -2483
1 2053 -2483
1 2054 -2483
1 2055 -2483
1 2056 -2483
1 2057 -2483
1 2058 -2473
1 2059 -2473
1 2060 -2473
1 2061 -2473
1 2062 -2473
1 2063 -2473
1 2064 -2473
1 2065 -2473
1 2066 -2473
1 2067 -2473
1 2068 -2473
1 2069 -2473
1 2070 -2473
1 2071 -2473
1 2072 -2488
1 2073 -2490
1 2074 -2490
1 2075 -2490
1 2076 -2490
1 2077 -2490
1 2078 -2490
1 2079 -2490
1 2080 -2490
1 2081 -2490
1 2082 -2490
1 2083 -2490
1 2084 -2490
1 2085 -2490
1 2086 -2486
1 2087 -2486
1 2088 -2486
1 2089 -2486
1 2090 -2486
1 2091 -2486
1 2092 -2486
1 2093 -2486
1 2094 -2486
1 2095 -2486
1 2096 -2486
1 2097 -2486
1 2098 -2486
1 2099 -2486
1 2100 -2486
1 2101 -2486
1 2102 -2486
1 2103 -2486
1 2104 -2486
1 2105 -2486
1 2106 -2486
1 2107 -2486
1 2108 -2496
1 2109 -2496
1 2110 -2496
1 2111 -2496
1 2112 -2496
1 2113 -2496
1 2114 -2496
1 2115 -2496
1 2116 -2496
1 2117 -2496
1 2118 -2496
1 2119 -2496
1 2120 -2496
1 2121 -2496
1 2122 -2496
1 2123 -2496
1 2124 -2496
1 2125 -2496
1 2126 -2496
1 2127 -2496
1 2128 -2496
1 2129 -2496
1 2130 -2496
1 2131 -2496
1 2132 -2496
1 2133 -2496
1 2134 -2496
1 2135 -2496
1 2136 -2500
1 2137 -2500
1 2138 -2500
1 2139 -2500
1 2140 -2500
1 2141 -2500
1 2142 -2500
1 2143 -2500
1 2144 -2500
1 2145 -2500
1 2146 -2500
1 2147 -2500
1 2148 -2500
1 2149 -2500
1 2150 -2500
1 2151 -2500
1 2152 -2500
1 2153 -2500
1 2154 -2500
1 2155 -2500
1 2156 -2500
1 2157 -2500
1 2158 -2500
1 2159 -2500
1 2160 -2500
1 2161 -2500
1 2162 -2500
1 2163 -2500
1 2164 -2500
1 2165 -2500
1 2166 -2500
1 2167 -2500
1 2168 -2500
1 2169 -2500
1 2170 -2500
1 2171 -2500
1 2172 -2500
1 2173 -2500
1 2174 -2500
1 2175 -2500
1 2176 -2500
1 2177 -2500
1 2178 -2500
1 2179 -2500
1 2180 -2500
1 2181 -2500
1 2182 -2500
1 2183 -2500
1 2184 -2500
1 2185 -2500
1 2186 -2500
1 2187 -2500
1 2188 -2500
1 2189 -2500
1 2190 -2500
1 2191 -2500
1 2192 -2500
1 2193 -2500
1 2194 -2500
1 2195 -2500
1 2196 -2500
1 2197 -2500
1 2198 -2500
1 2199 -2500
1 2200 -2500
1 2201 -2500
1 2202 -2500
1 2203 -2500
1 2204 -2500
1 2205 -2500
1 2206 -2500
1 2207 -2500
1 2208 -2500
1 2209 -2500
1 2210 -2500
1 2211 -2500
1 2212 -2500
1 2213 -2500
1 2214 -2500
1 2215 -2498
1 2216 -2498
1 2217 -2498
1 2218 -2498
1 2219 -2498
1 2220 -2498
1 2221 -2498
1 2222 -2498
1 2223 -2498
1 2224 -2498
1 2225 -2498
1 2226 -2498
1 2227 -2498
1 2228 -2498
1 2229 -2498
1 2230 -2498
1 2231 -2498
1 2232 -2498
1 2233 -2498
1 2234 -2498
1 2235 -2498
1 2236 -2498
1 2237 -2498
1 2238 -2492
1 2239 -2492
1 2240 -2492
1 2241 -2492
1 2242 -2492
1 2243 -2492
1 2244 -2492
1 2245 -2492
1 2246 -2492
1 2247 -2492
1 2248 -2492
1 2249 -2492
1 2250 -2492
1 2251 -2492
1 2252 -2492
1 2253 -2492
1 2254 -2492
1 2255 -2492
1 2256 -2492
1 2257 -2492
1 2258 -2492
1 2259 -2492
1 2260 -2492
1 2261 -2492
1 2262 -2492
1 2263 -2492
1 2264 -2492
1 2265 -2494
1 2266 -2494
1 2267 -2494
1 2268 -2494
1 2269 -2494
1 2270 -2494
1 2271 -2494
1 2272 -2494
1 2273 -2494
1 2274 -2494
1 2275 -2494
1 2276 -2494
1 2277 -2494
1 2278 -2494
1 2279 -2494
1 2280 -2494
1 2281 -2494
1 2282 -2494
1 2283 -2494
1 2284 -2494
1 2285 -2494
1 2286 -2494
1 2287 -2494
1 2288 -2500
1 2289 -2500
1 2290 -2500
1 2291 -2500
1 2292 -2500
1 2293 -2500
1 2294 -2500
1 2295 -2500
1 2296 -2500
1 2297 -2500
1 2298 -2500
1 2299 -2500
1 2300 -2500
1 2301 -2500
1 2302 -2500
1 2303 -2500
1 2304 -2500
1 2305 -2500
1 2306 -2500
1 2307 -2500
1 2308 -2500
1 2309 -2500
1 2310 -2500
1 2311 -2500
1 2312 -2500
1 2313 -2500
1 2314 -2500
1 2315 -2500
1 2316 -2500
1 2317 -2500
1 2318 -2500
1 2319 -2500
1 2320 -2500
1 2321 -2500
1 2322 -2500
1 2323 -2500
1 2324 -2500
1 2325 -2500
1 2326 -2500
1 2327 -2500
1 2328 -2500
1 2329 -2500
1 2330 -2500
1 2331 -2500
1 2332 -2500
1 2333 -2500
1 2334 -2500
1 2335 -2488
1 2336 -2488
1 2337 -2488
1 2338 -2488
1 2339 -2488
1 2340 -2488
1 2341 -2488
1 2342 -2488
1 2343 -2488
1 2344 -2488
1 2345 -2488
1 2346 -2488
1 2347 -2488
1 2348 -2488
1 2349 -2488
1 2350 -2488
1 2351 -2488
1 2352 -2488
1 2353 -2488
1 2354 -2488
1 2355 -2488
1 2356 -2488
1 2357 -2488
1 2358 -2488
1 2359 -2488
1 2360 -2488
1 2361 -2488
1 2362 -2488
1 2363 -2488
1 2364 -2488
1 2365 -2488
1 2366 -2488
1 2367 -2488
1 2368 -2488
1 2369 -2488
1 2370 -2488
1 2371 -2488
1 2372 -2488
1 2373 -2488
1 2374 -2488
1 2375 -2488
1 2376 -2488
1 2377 -2488
1 2378 -2488
1 2379 -2488
1 2380 -2488
1 2381 -2488
1 2382 -2488
1 2383 -2488
1 2384 -2488
1 2385 -2500
1 2386 -2500
1 2387 -2500
1 2388 -2500
1 2389 -2500
1 2390 -2500
1 2391 -2500
1 2392 -2500
1 2393 -2500
1 2394 -2500
1 2395 -2500
1 2396 -2495
1 2397 -2495
1 2398 -2495
1 2399 -2495
1 2400 -2495
1 2401 -2495
1 2402 -2495
1 2403 -2495
1 2404 -2495
1 2405 -2495
1 2406 -2495
1 2407 -2495
1 2408 -2495
1 2409 -2495
1 2410 -2467
1 2411 -2467
1 2412 -2467
1 2413 -2467
1 2414 -2467
1 2415 -2467
1 2416 -2467
1 2417 -2467
1 2418 -2467
1 2419 -2467
1 2420 -2467
1 2421 -2467
1 2422 -2467
1 2423 -2467
1 2424 -2467
1 2425 -2467
1 2426 -2462
1 2427 -2462
1 2428 -2462
1 2429 -2462
1 2430 -2462
1 2431 -2462
1 2432 -2462
1 2433 -2462
1 2434 -2462
1 2435 -2462
1 2436 -2462
1 2437 -2462
1 2438 -2462
1 2439 -2462
1 2440 -2462
1 2441 -2462
1 2442 -2462
1 2443 -2462
1 2444 -2462
1 2445 -2462
1 2446 -2467
1 2447 -2467
1 2448 -2467
1 2449 -2467
1 2450 -2467
1 2451 -2467
1 2452 -2467
1 2453 -2467
1 2454 -2467
1 2455 -2467
1 2456 -2453
1 2457 -2453
1 2458 -2453
1 2459 -2453
1 2460 -2480
1 2461 -2480
1 2462 -2480
1 2463 -2480
1 2464 -2480
1 2465 -2480
1 2466 -2480
1 2467 -2480
1 2468 -2480
1 2469 -2480
1 2470 -2480
1 2471 -2480
1 2472 -2480
1 2473 -2480
1 2474 -2480
1 2475 -2480
1 2476 -2485
1 2477 -2485
1 2478 -2485
1 2479 -2485
1 2480 -2485
1 2481 -2485
1 2482 -2485
1 2483 -2485
1 2484 -2485
1 2485 -2485
1 2486 -2485
1 2487 -2485
1 2488 -2485
1 2489 -2485
1 2490 -2485
1 2491 -2485
1 2492 -2485
1 2493 -2485
1 2494 -2485
1 2495 -2485
1 2496 -2485
1 2497 -2485
1 2498 -2485
1 2499 -2485
1 2500 -2485
1 2501 -2485
1 2502 -2485
1 2503 -2485
1 2504 -2485
1 2505 -2485
1 2506 -2500
1 2507 -2500
1 2508 -2500
1 2509 -2479
1 2510 -2477
1 2511 -2477
1 2512 -2477
1 2513 -2477
1 2514 -2477
1 2515 -2477
1 2516 -2477
1 2517 -2477
1 2518 -2477
1 2519 -2477
1 2520 -2477
1 2521 -2477
1 2522 -2477
1 2523 -2477
1 2524 -2477
1 2525 -2477
1 2526 -2477
1 2527 -2477
1 2528 -2477
1 2529 -2477
1 2530 -2477
1 2531 -2477
1 2532 -2477
1 2533 -2477
1 2534 -2477
1 2535 -2477
1 2536 -2477
1 2537 -2477
1 2538 -2477
1 2539 -2477
1 2540 -2477
1 2541 -2477
1 2542 -2477
1 2543 -2477
1 2544 -2477
1 2545 -2477
1 2546 -2477
1 2547 -2477
1 2548 -2477
1 2549 -2477
1 2550 -2477
1 2551 -2477
1 2552 -2477
1 2553 -2477
1 2554 -2477
1 2555 -2477
1 2556 -2477
1 2557 -2477
1 2558 -2477
1 2559 -2498
1 2560 -2500
1 2561 -2500
1 2562 -2500
1 2563 -2500
1 2564 -2500
1 2565 -2500
1 2566 -2500
1 2567 -2500
1 2568 -2500
1 2569 -2500
1 2570 -2500
1 2571 -2500
1 2572 -2500
1 2573 -2500
1 2574 -2500
1 2575 -2500
1 2576 -2500
1 2577 -2500
1 2578 -2500
1 2579 -2500
1 2580 -2500
1 2581 -2500
1 2582 -2500
1 2583 -2500
1 2584 -2500
1 2585 -2500
1 2586 -2500
1 2587 -2500
1 2588 -2500
1 2589 -2500
1 2590 -2500
1 2591 -2500
1 2592 -2500
1 2593 -2500
1 2594 -2500
1 2595 -2500
1 2596 -2500
1 2597 -2500
1 2598 -2500
1 2599 -2500
1 2600 -2500
1 2601 -2500
1 2602 -2500
1 2603 -2500
1 2604 -2500
1 2605 -2500
1 2606 -2500
1 2607 -2500
1 2608 -2500
1 2609 -2500
1 2610 -2500
1 2611 -2500
1 2612 -2500
1 2613 -2500
1 2614 -2500
1 2615 -2500
1 2616 -2500
1 2617 -2500
1 2618 -2500
1 2619 -2500
1 2620 -2500
1 2621 -2500
1 2622 -2500
1 2623 -2500
1 2624 -2500
1 2625 -2500
1 2626 -2500
1 2627 -2500
1 2628 -2500
1 2629 -2500
1 2630 -2500
1 2631 -2500
1 2632 -2500
1 2633 -2500
1 2634 -2500
1 2635 -2500
1 2636 -2500
1 2637 -2500
1 2638 -2500
1 2639 -2500
1 2640 -2500
1 2641 -2500
1 2642 -2500
1 2643 -2500
1 2644 -2500
1 2645 -2500
1 2646 -2500
1 2647 -2500
1 2648 -2500
1 2649 -2500
1 2650 -2500
1 2651 -2500
1 2652 -2500
1 2653 -2500
1 2654 -2500
1 2655 -2500
1 2656 -2500
1 2657 -2500
1 2658 -2500
1 2659 -2500
1 2660 -2500
1 2661 -2500
1 2662 -2500
1 2663 -2500
1 2664 -2500
1 2665 -2500
1 2666 -2500
1 2667 -2500
1 2668 -2500
1 2669 -2500
1 2670 -2500
1 2671 -2500
1 2672 -2500
1 2673 -2500
1 2674 -2500
1 2675 -2500
1 2676 -2500
1 2677 -2500
1 2678 -2486
1 2679 -2486
1 2680 -2486
1 2681 -2486
1 2682 -2486
1 2683 -2486
1 2684 -2486
1 2685 -2486
1 2686 -2486
1 2687 -2486
1 2688 -2486
1 2689 -2486
1 2690 -2475
1 2691 -2475
1 2692 -2475
1 2693 -2475
1 2694 -2450
1 2695 -2450
1 2696 -2450
1 2697 -2450
1 2698 -2450
1 2699 -2450
1 2700 -2450
1 2701 -2450
1 2702 -2450
1 2703 -2450
1 2704 -2450
1 2705 -2450
1 2706 -2450
1 2707 -2450
1 2708 -2438
1 2709 -2438
1 2710 -2438
1 2711 -2438
1 2712 -2438
1 2713 -2438
1 2714 -2438
1 2715 -2438
1 2716 -2438
1 2717 -2438
1 2718 -2438
1 2719 -2438
1 2720 -2438
1 2721 -2438
1 2722 -2438
1 2723 -2438
1 2724 -2438
1 2725 -2438
1 2726 -2438
1 2727 -2438
1 2728 -2452
1 2729 -2452
1 2730 -2452
1 2731 -2452
1 2732 -2452
1 2733 -2452
1 2734 -2452
1 2735 -2452
1 2736 -2452
1 2737 -2452
1 2738 -2452
1 2739 -2452
1 2740 -2462
1 2741 -2462
1 2742 -2462
1 2743 -2462
1 2744 -2488
1 2745 -2488
1 2746 -2488
1 2747 -2488
1 2748 -2488
1 2749 -2488
1 2750 -2488
1 2751 -2488
1 2752 -2488
1 2753 -2488
1 2754 -2488
1 2755 -2488
1 2756 -2488
1 2757 -2488
1 2758 -2500
1 2759 -2500
1 2760 -2500
1 2761 -2483
1 2762 -2483
1 2763 -2483
1 2764 -2483
1 2765 -2483
1 2766 -2483
1 2767 -2483
1 2768 -2483
1 2769 -2483
1 2770 -2483
1 2771 -2483
1 2772 -2483
1 2773 -2483
1 2774 -2483
1 2775 -2483
1 2776 -2483
1 2777 -2483
1 2778 -2483
1 2779 -2483
1 2780 -2483
1 2781 -2483
1 2782 -2483
1 2783 -2483
1 2784 -2483
1 2785 -2483
1 2786 -2483
1 2787 -2483
1 2788 -2483
1 2789 -2483
1 2790 -2483
1 2791 -2483
1 2792 -2483
1 2793 -2483
1 2794 -2483
1 2795 -2483
1 2796 -2483
1 2797 -2483
1 2798 -2483
1 2799 -2483
1 2800 -2483
1 2801 -2483
1 2802 -2483
1 2803 -2483
1 2804 -2483
1 2805 -2483
1 2806 -2483
1 2807 -2483
1 2808 -2483
1 2809 -2483
1 2810 -2483
1 2811 -2500
1 2812 -2500
1 2813 -2500
1 2814 -2500
1 2815 -2500
1 2816 -2500
1 2817 -2500
1 2818 -2500
1 2819 -2500
1 2820 -2500
1 2821 -2500
1 2822 -2500
1 2823 -2500
1 2824 -2500
1 2825 -2500
1 2826 -2500
1 2827 -2500
1 2828 -2500
1 2829 -2500
1 2830 -2500
1 2831 -2500
1 2832 -2500
1 2833 -2500
1 2834 -2500
1 2835 -2500
1 2836 -2500
1 2837 -2500
1 2838 -2500
1 2839 -2500
1 2840 -2500
1 2841 -2500
1 2842 -2500
1 2843 -2500
1 2844 -2500
1 2845 -2500
1 2846 -2500
1 2847 -2500
1 2848 -2500
1 2849 -2500
1 2850 -2500
1 2851 -2500
1 2852 -2500
1 2853 -2500
1 2854 -2500
1 2855 -2500
1 2856 -2500
1 2857 -2500
1 2858 -2500
1 2859 -2500
1 2860 -2500
1 2861 -2500
1 2862 -2500
1 2863 -2500
1 2864 -2500
1 2865 -2500
1 2866 -2500
1 2867 -2500
1 2868 -2488
1 2869 -2488
1 2870 -2488
1 2871 -2488
1 2872 -2488
1 2873 -2488
1 2874 -2488
1 2875 -2463
1 2876 -2463
1 2877 -2463
1 2878 -2463
1 2879 -2463
1 2880 -2463
1 2881 -2463
1 2882 -2463
1 2883 -2463
1 2884 -2463
1 2885 -2463
1 2886 -2463
1 2887 -2463
1 2888 -2463
1 2889 -2463
1 2890 -2463
1 2891 -2463
1 2892 -2463
1 2893 -2463
1 2894 -2463
1 2895 -2463
1 2896 -2463
1 2897 -2463
1 2898 -2463
1 2899 -2463
1 2900 -2463
1 2901 -2463
1 2902 -2463
1 2903 -2463
1 2904 -2463
1 2905 -2463
1 2906 -2463
1 2907 -2457
1 2908 -2457
1 2909 -2457
1 2910 -2457
1 2911 -2457
1 2912 -2457
1 2913 -2457
1 2914 -2449
1 2915 -2449
1 2916 -2449
1 2917 -2449
1 2918 -2460
1 2919 -2460
1 2920 -2460
1 2921 -2460
1 2922 -2460
1 2923 -2460
1 2924 -2460
1 2925 -2485
1 2926 -2485
1 2927 -2485
1 2928 -2485
1 2929 -2485
1 2930 -2485
1 2931 -2485
1 2932 -2485
1 2933 -2485
1 2934 -2485
1 2935 -2485
1 2936 -2485
1 2937 -2485
1 2938 -2485
1 2939 -2485
1 2940 -2485
1 2941 -2485
1 2942 -2485
1 2943 -2485
1 2944 -2485
1 2945 -2485
1 2946 -2485
1 2947 -2485
1 2948 -2485
1 2949 -2485
1 2950 -2485
1 2951 -2485
1 2952 -2485
1 2953 -2485
1 2954 -2485
1 2955 -2485
1 2956 -2485
1 2957 -2491
1 2958 -2491
1 2959 -2491
1 2960 -2491
1 2961 -2491
1 2962 -2491
1 2963 -2491
1 2964 -2500
1 2965 -2500
1 2966 -2500
1 2967 -2500
1 2968 -2500
1 2969 -2500
1 2970 -2500
1 2971 -2500
1 2972 -2500
1 2973 -2500
1 2974 -2500
1 2975 -2500
1 2976 -2500
1 2977 -2500
1 2978 -2500
1 2979 -2500
1 2980 -2500
1 2981 -2500
1 2982 -2500
1 2983 -2500
1 2984 -2500
1 2985 -2500
1 2986 -2500
1 2987 -2500
1 2988 -2500
1 2989 -2500
1 2990 -2500
1 2991 -2500
1 2992 -2500
1 2993 -2500
1 2994 -2500
1 2995 -2500
1 2996 -2500
1 2997 -2500
1 2998 -2500
1 2999 -2500
1 3000 -2500
1 3001 -2500
1 3002 -2500
1 3003 -2500
1 3004 -2500
1 3005 -2500
1 3006 -2500
1 3007 -2500
1 3008 -2500
1 3009 -2500
1 3010 -2500
1 3011 -2500
1 3012 -2500
1 3013 -2500
1 3014 -2500
1 3015 -2500
1 3016 -2500
1 3017 -2500
1 3018 -2500
1 3019 -2500
1 3020 -2500
1 3021 -2500
1 3022 -2500
1 3023 -2500
1 3024 -2500
1 3025 -2500
1 3026 -2500
1 3027 -2500
1 3028 -2500
1 3029 -2500
1 3030 -2500
1 3031 -2500
1 3032 -2500
1 3033 -2500
1 3034 -2500
1 3035 -2500
1 3036 -2486
1 3037 -2486
1 3038 -2486
1 3039 -2486
1 3040 -2486
1 3041 -2486
1 3042 -2486
1 3043 -2486
1 3044 -2486
1 3045 -2486
1 3046 -2486
1 3047 -2486
1 3048 -2486
1 3049 -2486
1 3050 -2486
1 3051 -2486
1 3052 -2486
1 3053 -2486
1 3054 -2486
1 3055 -2486
1 3056 -2486
1 3057 -2486
1 3058 -2486
1 3059 -2486
1 3060 -2486
1 3061 -2486
1 3062 -2486
1 3063 -2486
1 3064 -2486
1 3065 -2486
1 3066 -2486
1 3067 -2486
1 3068 -2486
1 3069 -2486
1 3070 -2486
1 3071 -2486
1 3072 -2486
1 3073 -2486
1 3074 -2486
1 3075 -2486
1 3076 -2486
1 3077 -2486
1 3078 -2486
1 3079 -2486
1 3080 -2486
1 3081 -2465
1 3082 -2465
1 3083 -2465
1 3084 -2465
1 3085 -2465
1 3086 -2478
1 3087 -2478
1 3088 -2478
1 3089 -2478
1 3090 -2478
1 3091 -2478
1 3092 -2478
1 3093 -2478
1 3094 -2478
1 3095 -2478
1 3096 -2478
1 3097 -2478
1 3098 -2478
1 3099 -2478
1 3100 -2478
1 3101 -2478
1 3102 -2478
1 3103 -2478
1 3104 -2478
1 3105 -2478
1 3106 -2478
1 3107 -2478
1 3108 -2478
1 3109 -2478
1 3110 -2478
1 3111 -2478
1 3112 -2478
1 3113 -2478
1 3114 -2478
1 3115 -2478
1 3116 -2478
1 3117 -2478
1 3118 -2478
1 3119 -2478
1 3120 -2478
1 3121 -2478
1 3122 -2478
1 3123 -2478
1 3124 -2478
1 3125 -2478
1 3126 -2478
1 3127 -2478
1 3128 -2478
1 3129 -2478
1 3130 -2478
1 3131 -2500
1 3132 -2500
1 3133 -2500
1 3134 -2500
1 3135 -2500
1 3136 -2500
1 3137 -2500
1 3138 -2500
1 3139 -2500
1 3140 -2500
1 3141 -2500
1 3142 -2500
1 3143 -2500
1 3144 -2500
1 3145 -2500
1 3146 -2500
1 3147 -2500
1 3148 -2500
1 3149 -2500
1 3150 -2500
1 3151 -2500
1 3152 -2500
1 3153 -2500
1 3154 -2500
1 3155 -2500
1 3156 -2500
1 3157 -2500
1 3158 -2500
1 3159 -2500
1 3160 -2500
1 3161 -2500
1 3162 -2500
1 3163 -2500
1 3164 -2500
1 3165 -2500
1 3166 -2500
1 3167 -2500
1 3168 -2500
1 3169 -2500
1 3170 -2500
1 3171 -2500
1 3172 -2500
1 3173 -2500
1 3174 -2500
1 3175 -2500
1 3176 -2500
1 3177 -2500
1 3178 -2500
1 3179 -2500
1 3180 -2500
1 3181 -2500
1 3182 -2500
1 3183 -2500
1 3184 -2500
1 3185 -2500
1 3186 -2500
1 3187 -2500
1 3188 -2500
1 3189 -2500
1 3190 -2500
1 3191 -2500
1 3192 -2500
1 3193 -2500
1 3194 -2500
1 3195 -2500
1 3196 -2500
1 3197 -2500
1 3198 -2500
1 3199 -2500
1 3200 -2500
1 3201 -2500
1 3202 -2500
1 3203 -2500
1 3204 -2500
1 3205 -2500
1 3206 -2500
1 3207 -2500
1 3208 -2500
1 3209 -2500
1 3210 -2500
1 3211 -2500
1 3212 -2500
1 3213 -2500
1 3214 -2500
1 3215 -2500
1 3216 -2500
1 3217 -2500
1 3218 -2500
1 3219 -2500
1 3220 -2500
1 3221 -2500
1 3222 -2500
1 3223 -2500
1 3224 -2500
1 3225 -2500
1 3226 -2500
1 3227 -2500
1 3228 -2500
1 3229 -2500
1 3230 -2500
1 3231 -2500
1 3232 -2500
1 3233 -2500
1 3234 -2500
1 3235 -2500
1 3236 -2500
1 3237 -2500
1 3238 -2500
1 3239 -2500
1 3240 -2500
1 3241 -2500
1 3242 -2500
1 3243 -2500
1 3244 -2500
1 3245 -2500
1 3246 -2500
1 3247 -2500
1 3248 -2497
1 3249 -2497
1 3250 -2497
1 3251 -2497
1 3252 -2497
1 3253 -2497
1 3254 -2470
1 3255 -2470
1 3256 -2470
1 3257 -2470
1 3258 -2470
1 3259 -2470
1 3260 -2470
1 3261 -2470
1 3262 -2470
1 3263 -2470
1 3264 -2470
1 3265 -2470
1 3266 -2470
1 3267 -2470
1 3268 -2470
1 3269 -2470
1 3270 -2470
1 3271 -2470
1 3272 -2470
1 3273 -2459
1 3274 -2459
1 3275 -2459
1 3276 -2459
1 3277 -2459
1 3278 -2459
1 3279 -2459
1 3280 -2459
1 3281 -2459
1 3282 -2459
1 3283 -2459
1 3284 -2459
1 3285 -2459
1 3286 -2459
1 3287 -2459
1 3288 -2459
1 3289 -2459
1 3290 -2459
1 3291 -2459
1 3292 -2459
1 3293 -2459
1 3294 -2459
1 3295 -2459
1 3296 -2459
1 3297 -2459
1 3298 -2462
1 3299 -2462
1 3300 -2462
1 3301 -2462
1 3302 -2462
1 3303 -2462
1 3304 -2489
1 3305 -2489
1 3306 -2489
1 3307 -2489
1 3308 -2489
1 3309 -2489
1 3310 -2489
1 3311 -2483
1 3312 -2483
1 3313 -2483
1 3314 -2483
1 3315 -2483
1 3316 -2483
1 3317 -2483
1 3318 -2483
1 3319 -2483
1 3320 -2483
1 3321 -2483
1 3322 -2483
1 3323 -2494
1 3324 -2494
1 3325 -2494
1 3326 -2494
1 3327 -2494
1 3328 -2494
1 3329 -2494
1 3330 -2494
1 3331 -2494
1 3332 -2494
1 3333 -2494
1 3334 -2494
1 3335 -2494
1 3336 -2494
1 3337 -2494
1 3338 -2494
1 3339 -2494
1 3340 -2494
1 3341 -2494
1 3342 -2494
1 3343 -2494
1 3344 -2494
1 3345 -2494
1 3346 -2494
1 3347 -2494
1 3348 -2494
1 3349 -2494
1 3350 -2494
1 3351 -2494
1 3352 -2494
1 3353 -2494
1 3354 -2494
1 3355 -2494
1 3356 -2494
1 3357 -2494
1 3358 -2494
1 3359 -2494
1 3360 -2494
1 3361 -2500
1 3362 -2500
1 3363 -2500
1 3364 -2500
1 3365 -2500
1 3366 -2500
1 3367 -2500
1 3368 -2500
1 3369 -2500
1 3370 -2500
1 3371 -2489
1 3372 -2489
1 3373 -2489
1 3374 -2489
1 3375 -2489
1 3376 -2489
1 3377 -2489
1 3378 -2489
1 3379 -2489
1 3380 -2489
1 3381 -2489
1 3382 -2489
1 3383 -2489
1 3384 -2489
1 3385 -2489
1 3386 -2489
1 3387 -2489
1 3388 -2489
1 3389 -2489
1 3390 -2489
1 3391 -2489
1 3392 -2489
1 3393 -2489
1 3394 -2489
1 3395 -2489
1 3396 -2489
1 3397 -2489
1 3398 -2489
1 3399 -2489
1 3400 -2489
1 3401 -2489
1 3402 -2489
1 3403 -2489
1 3404 -2489
1 3405 -2489
1 3406 -2489
1 3407 -2489
1 3408 -2489
1 3409 -2486
1 3410 -2486
1 3411 -2486
1 3412 -2486
1 3413 -2486
1 3414 -2486
1 3415 -2486
1 3416 -2486
1 3417 -2486
1 3418 -2486
1 3419 -2486
1 3420 -2486
1 3421 -2497
1 3422 -2497
1 3423 -2497
1 3424 -2497
1 3425 -2497
1 3426 -2497
1 3427 -2497
1 3428 -2497
1 3429 -2497
1 3430 -2497
1 3431 -2497
1 3432 -2497
1 3433 -2497
1 3434 -2497
1 3435 -2497
1 3436 -2497
1 3437 -2497
1 3438 -2497
1 3439 -2497
1 3440 -2497
1 3441 -2497
1 3442 -2497
1 3443 -2497
1 3444 -2497
1 3445 -2497
1 3446 -2497
1 3447 -2497
1 3448 -2497
1 3449 -2497
1 3450 -2497
1 3451 -2497
1 3452 -2497
1 3453 -2497
1 3454 -2497
1 3455 -2497
1 3456 -2497
1 3457 -2497
1 3458 -2497
1 3459 -2500
1 3460 -2500
1 3461 -2500
1 3462 -2500
1 3463 -2500
1 3464 -2500
1 3465 -2500
1 3466 -2500
1 3467 -2500
1 3468 -2500
1 3469 -2500
1 3470 -2500
1 3471 -2500
1 3472 -2500
1 3473 -2500
1 3474 -2500
1 3475 -2500
1 3476 -2500
1 3477 -2500
1 3478 -2500
1 3479 -2500
1 3480 -2500
1 3481 -2500
1 3482 -2500
1 3483 -2500
1 3484 -2500
1 3485 -2500
1 3486 -2500
1 3487 -2500
1 3488 -2500
1 3489 -2500
1 3490 -2500
1 3491 -2500
1 3492 -2500
1 3493 -2500
1 3494 -2500
1 3495 -2500
1 3496 -2500
1 3497 -2500
1 3498 -2500
1 3499 -2500
1 3500 -2500
1 3501 -2500
1 3502 -2500
1 3503 -2500
1 3504 -2500
1 3505 -2500
1 3506 -2500
1 3507 -2500
1 3508 -2500
1 3509 -2500
1 3510 -2500
1 3511 -2500
1 3512 -2500
1 3513 -2500
1 3514 -2500
1 3515 -2500
1 3516 -2500
1 3517 -2500
1 3518 -2500
1 3519 -2500
1 3520 -2500
1 3521 -2500
1 3522 -2500
1 3523 -2500
1 3524 -2500
1 3525 -2500
1 3526 -2500
1 3527 -2500
1 3528 -2500
1 3529 -2500
1 3530 -2500
1 3531 -2500
1 3532 -2500
1 3533 -2500
1 3534 -2500
1 3535 -2500
1 3536 -2500
1 3537 -2500
1 3538 -2500
1 3539 -2500
1 3540 -2500
1 3541 -2500
1 3542 -2500
1 3543 -2500
1 3544 -2500
1 3545 -2500
1 3546 -2500
1 3547 -2500
1 3548 -2500
1 3549 -2500
1 3550 -2500
1 3551 -2500
1 3552 -2500
1 3553 -2500
1 3554 -2500
1 3555 -2500
1 3556 -2500
1 3557 -2500
1 3558 -2500
1 3559 -2500
1 3560 -2500
1 3561 -2500
1 3562 -2500
1 3563 -2500
1 3564 -2500
1 3565 -2500
1 3566 -2500
1 3567 -2500
1 3568 -2500
1 3569 -2500
1 3570 -2500
1 3571 -2500
1 3572 -2500
1 3573 -2500
1 3574 -2500
1 3575 -2500
1 3576 -2500
1 3577 -2500
1 3578 -2500
1 3579 -2500
1 3580 -2500
1 3581 -2500
1 3582 -2500
1 3583 -2500
1 3584 -2500
1 3585 -2500
1 3586 -2500
1 3587 -2500
1 3588 -2500
1 3589 -2500
1 3590 -2500
1 3591 -2500
1 3592 -2500
1 3593 -2500
1 3594 -2500
1 3595 -2500
1 3596 -2500
1 3597 -2500
1 3598 -2500
1 3599 -2487
1 3600 -2487
1 3601 -2487
1 3602 -2487
1 3603 -2487
1 3604 -2487
1 3605 -2487
1 3606 -2487
1 3607 -2487
1 3608 -2487
1 3609 -2487
1 3610 -2487
1 3611 -2487
1 3612 -2487
1 3613 -2487
1 3614 -2487
1 3615 -2487
1 3616 -2487
1 3617 -2487
1 3618 -2487
1 3619 -2487
1 3620 -2487
1 3621 -2487
1 3622 -2487
1 3623 -2487
1 3624 -2487
1 3625 -2487
1 3626 -2487
1 3627 -2487
1 3628 -2487
1 3629 -2487
1 3630 -2487
1 3631 -2487
1 3632 -2487
1 3633 -2487
1 3634 -2487
1 3635 -2487
1 3636 -2487
1 3637 -2487
1 3638 -2487
1 3639 -2487
1 3640 -2487
1 3641 -2487
1 3642 -2487
1 3643 -2487
1 3644 -2487
1 3645 -2487
1 3646 -2487
1 3647 -2487
1 3648 -2487
1 3649 -2500
1 3650 -2500
1 3651 -2500
1 3652 -2500
1 3653 -2500
1 3654 -2500
1 3655 -2500
1 3656 -2500
1 3657 -2500
1 3658 -2500
1 3659 -2500
1 3660 -2500
1 3661 -2500
1 3662 -2500
1 3663 -2500
1 3664 -2500
1 3665 -2500
1 3666 -2500
1 3667 -2500
1 3668 -2500
1 3669 -2500
1 3670 -2500
1 3671 -2500
1 3672 -2500
1 3673 -2500
1 3674 -2500
1 3675 -2500
1 3676 -2500
1 3677 -2500
1 3678 -2500
1 3679 -2500
1 3680 -2500
1 3681 -2500
1 3682 -2500
1 3683 -2500
1 3684 -2500
1 3685 -2500
1 3686 -2500
1 3687 -2500
1 3688 -2500
1 3689 -2500
1 3690 -2500
1 3691 -2500
1 3692 -2500
1 3693 -2500
1 3694 -2500
1 3695 -2500
1 3696 -2500
1 3697 -2500
1 3698 -2500
1 3699 -2500
1 3700 -2500
1 3701 -2500
1 3702 -2500
1 3703 -2500
1 3704 -2500
1 3705 -2500
1 3706 -2500
1 3707 -2500
1 3708 -2500
1 3709 -2500
1 3710 -2500
1 3711 -2500
1 3712 -2500
1 3713 -2500
1 3714 -2500
1 3715 -2500
1 3716 -2500
1 3717 -2500
1 3718 -2500
1 3719 -2500
1 3720 -2500
1 3721 -2500
1 3722 -2500
1 3723 -2500
1 3724 -2500
1 3725 -2500
1 3726 -2500
1 3727 -2500
1 3728 -2500
1 3729 -2500
1 3730 -2500
1 3731 -2500
1 3732 -2500
1 3733 -2500
1 3734 -2500
1 3735 -2500
1 3736 -2500
1 3737 -2500
1 3738 -2500
1 3739 -2500
1 3740 -2500
1 3741 -2500
1 3742 -2500
1 3743 -2500
1 3744 -2500
1 3745 -2500
1 3746 -2482
1 3747 -2482
1 3748 -2482
1 3749 -2482
1 3750 -2482
1 3751 -2482
1 3752 -2482
1 3753 -2482
1 3754 -2482
1 3755 -2482
1 3756 -2482
1 3757 -2482
1 3758 -2482
1 3759 -2482
1 3760 -2482
1 3761 -2482
1 3762 -2482
1 3763 -2482
1 3764 -2470
1 3765 -2470
1 3766 -2470
1 3767 -2470
1 3768 -2470
1 3769 -2470
1 3770 -2470
1 3771 -2470
1 3772 -2470
1 3773 -2470
1 3774 -2470
1 3775 -2470
1 3776 -2456
1 3777 -2456
1 3778 -2456
1 3779 -2456
1 3780 -2456
1 3781 -2456
1 3782 -2456
1 3783 -2456
1 3784 -2456
1 3785 -2456
1 3786 -2456
1 3787 -2456
1 3788 -2456
1 3789 -2456
1 3790 -2456
1 3791 -2456
1 3792 -2456
1 3793 -2456
1 3794 -2456
1 3795 -2456
1 3796 -2473
1 3797 -2473
1 3798 -2473
1 3799 -2473
1 3800 -2473
1 3801 -2473
1 3802 -2473
1 3803 -2473
1 3804 -2473
1 3805 -2473
1 3806 -2473
1 3807 -2473
1 3808 -2473
1 3809 -2473
1 3810 -2473
1 3811 -2473
1 3812 -2473
1 3813 -2473
1 3814 -2486
1 3815 -2486
1 3816 -2486
1 3817 -2486
1 3818 -2486
1 3819 -2486
1 3820 -2486
1 3821 -2486
1 3822 -2486
1 3823 -2486
1 3824 -2486
1 3825 -2486
1 3826 -2500
1 3827 -2500
1 3828 -2500
1 3829 -2496
1 3830 -2496
1 3831 -2496
1 3832 -2496
1 3833 -2496
1 3834 -2496
1 3835 -2493
1 3836 -2493
1 3837 -2493
1 3838 -2493
1 3839 -2493
1 3840 -2493
1 3841 -2493
1 3842 -2493
1 3843 -2493
1 3844 -2493
1 3845 -2493
1 3846 -2493
1 3847 -2493
1 3848 -2493
1 3849 -2493
1 3850 -2493
1 3851 -2493
1 3852 -2493
1 3853 -2493
1 3854 -2493
1 3855 -2493
1 3856 -2493
1 3857 -2493
1 3858 -2493
1 3859 -2493
1 3860 -2493
1 3861 -2493
1 3862 -2493
1 3863 -2493
1 3864 -2493
1 3865 -2493
1 3866 -2493
1 3867 -2493
1 3868 -2493
1 3869 -2493
1 3870 -2493
1 3871 -2493
1 3872 -2493
1 3873 -2493
1 3874 -2493
1 3875 -2493
1 3876 -2493
1 3877 -2493
1 3878 -2493
1 3879 -2497
1 3880 -2497
1 3881 -2497
1 3882 -2497
1 3883 -2497
1 3884 -2497
1 3885 -2500
1 3886 -2500
1 3887 -2500
1 3888 -2500
1 3889 -2500
1 3890 -2500
1 3891 -2500
1 3892 -2500
1 3893 -2472
1 3894 -2472
1 3895 -2472
1 3896 -2472
1 3897 -2472
1 3898 -2472
1 3899 -2472
1 3900 -2472
1 3901 -2472
1 3902 -2472
1 3903 -2472
1 3904 -2472
1 3905 -2472
1 3906 -2472
1 3907 -2472
1 3908 -2472
1 3909 -2472
1 3910 -2472
1 3911 -2472
1 3912 -2472
1 3913 -2472
1 3914 -2472
1 3915 -2472
1 3916 -2472
1 3917 -2472
1 3918 -2472
1 3919 -2472
1 3920 -2472
1 3921 -2472
1 3922 -2472
1 3923 -2472
1 3924 -2472
1 3925 -2472
1 3926 -2472
1 3927 -2472
1 3928 -2472
1 3929 -2472
1 3930 -2472
1 3931 -2472
1 3932 -2472
1 3933 -2472
1 3934 -2472
1 3935 -2472
1 3936 -2472
1 3937 -2472
1 3938 -2472
1 3939 -2472
1 3940 -2472
1 3941 -2472
1 3942 -2472
1 3943 -2500
1 3944 -2500
1 3945 -2500
1 3946 -2500
1 3947 -2500
1 3948 -2500
1 3949 -2500
1 3950 -2500
1 3951 -2500
1 3952 -2500
1 3953 -2500
1 3954 -2500
1 3955 -2500
1 3956 -2500
1 3957 -2500
1 3958 -2500
1 3959 -2500
1 3960 -2500
1 3961 -2500
1 3962 -2500
1 3963 -2500
1 3964 -2500
1 3965 -2500
1 3966 -2500
1 3967 -2500
1 3968 -2500
1 3969 -2500
1 3970 -2500
1 3971 -2500
1 3972 -2500
1 3973 -2500
1 3974 -2500
1 3975 -2500
1 3976 -2500
1 3977 -2500
1 3978 -2500
1 3979 -2500
1 3980 -2500
1 3981 -2500
1 3982 -2500
1 3983 -2500
1 3984 -2500
1 3985 -2500
1 3986 -2500
1 3987 -2500
1 3988 -2500
1 3989 -2500
1 3990 -2500
1 3991 -2500
1 3992 -2500
1 3993 -2500
1 3994 -2500
1 3995 -2500
1 3996 -2500
1 3997 -2500
1 3998 -2500
1 3999 -2500
1 4000 -2500

